Model	Language	Code	Type	Distance	ConditionalMI	TotalMI	ModelID	UnigramCE
yWithMorphologySequentialStreamDropoutDev_BaselineLanguage_Fast_SaveLast_NoFinePOS.py	Slovak	Slovak	REAL_REAL	1	1.39665396871	1.6400752139	5194545	5.46037876998
yWithMorphologySequentialStreamDropoutDev_BaselineLanguage_Fast_SaveLast_NoFinePOS.py	Slovak	Slovak	REAL_REAL	2	0.14072631524	1.6400752139	5194545	5.46037876998
yWithMorphologySequentialStreamDropoutDev_BaselineLanguage_Fast_SaveLast_NoFinePOS.py	Slovak	Slovak	REAL_REAL	3	0.0396864852677	1.6400752139	5194545	5.46037876998
yWithMorphologySequentialStreamDropoutDev_BaselineLanguage_Fast_SaveLast_NoFinePOS.py	Slovak	Slovak	REAL_REAL	4	0.0283763432748	1.6400752139	5194545	5.46037876998
yWithMorphologySequentialStreamDropoutDev_BaselineLanguage_Fast_SaveLast_NoFinePOS.py	Slovak	Slovak	REAL_REAL	5	0.0139792839958	1.6400752139	5194545	5.46037876998
yWithMorphologySequentialStreamDropoutDev_BaselineLanguage_Fast_SaveLast_NoFinePOS.py	Slovak	Slovak	REAL_REAL	6	0.00799964539809	1.6400752139	5194545	5.46037876998
yWithMorphologySequentialStreamDropoutDev_BaselineLanguage_Fast_SaveLast_NoFinePOS.py	Slovak	Slovak	REAL_REAL	7	0.00489578189915	1.6400752139	5194545	5.46037876998
yWithMorphologySequentialStreamDropoutDev_BaselineLanguage_Fast_SaveLast_NoFinePOS.py	Slovak	Slovak	REAL_REAL	8	0.00426994068165	1.6400752139	5194545	5.46037876998
yWithMorphologySequentialStreamDropoutDev_BaselineLanguage_Fast_SaveLast_NoFinePOS.py	Slovak	Slovak	REAL_REAL	9	0.000715759110777	1.6400752139	5194545	5.46037876998
yWithMorphologySequentialStreamDropoutDev_BaselineLanguage_Fast_SaveLast_NoFinePOS.py	Slovak	Slovak	REAL_REAL	10	0.000152955928894	1.6400752139	5194545	5.46037876998
yWithMorphologySequentialStreamDropoutDev_BaselineLanguage_Fast_SaveLast_NoFinePOS.py	Slovak	Slovak	REAL_REAL	11	0	1.6400752139	5194545	5.46037876998
yWithMorphologySequentialStreamDropoutDev_BaselineLanguage_Fast_SaveLast_NoFinePOS.py	Slovak	Slovak	REAL_REAL	12	0.000854585432027	1.6400752139	5194545	5.46037876998
yWithMorphologySequentialStreamDropoutDev_BaselineLanguage_Fast_SaveLast_NoFinePOS.py	Slovak	Slovak	REAL_REAL	13	0.000774976692787	1.6400752139	5194545	5.46037876998
yWithMorphologySequentialStreamDropoutDev_BaselineLanguage_Fast_SaveLast_NoFinePOS.py	Slovak	Slovak	REAL_REAL	14	0.000354832002561	1.6400752139	5194545	5.46037876998
yWithMorphologySequentialStreamDropoutDev_BaselineLanguage_Fast_SaveLast_NoFinePOS.py	Slovak	Slovak	REAL_REAL	15	6.9408792339e-05	1.6400752139	5194545	5.46037876998
yWithMorphologySequentialStreamDropoutDev_BaselineLanguage_Fast_SaveLast_NoFinePOS.py	Slovak	Slovak	REAL_REAL	16	0	1.6400752139	5194545	5.46037876998
yWithMorphologySequentialStreamDropoutDev_BaselineLanguage_Fast_SaveLast_NoFinePOS.py	Slovak	Slovak	REAL_REAL	17	0.000171282111782	1.6400752139	5194545	5.46037876998
yWithMorphologySequentialStreamDropoutDev_BaselineLanguage_Fast_SaveLast_NoFinePOS.py	Slovak	Slovak	REAL_REAL	18	0.000340867777394	1.6400752139	5194545	5.46037876998
yWithMorphologySequentialStreamDropoutDev_BaselineLanguage_Fast_SaveLast_NoFinePOS.py	Slovak	Slovak	REAL_REAL	19	0.000489950751605	1.6400752139	5194545	5.46037876998
yWithMorphologySequentialStreamDropoutDev_BaselineLanguage_Fast_SaveLast_NoFinePOS.py	Slovak	Slovak	REAL_REAL	1	1.39366229291	1.64042059436	9453040	5.46050715393
yWithMorphologySequentialStreamDropoutDev_BaselineLanguage_Fast_SaveLast_NoFinePOS.py	Slovak	Slovak	REAL_REAL	2	0.153757371355	1.64042059436	9453040	5.46050715393
yWithMorphologySequentialStreamDropoutDev_BaselineLanguage_Fast_SaveLast_NoFinePOS.py	Slovak	Slovak	REAL_REAL	3	0.0355788784484	1.64042059436	9453040	5.46050715393
yWithMorphologySequentialStreamDropoutDev_BaselineLanguage_Fast_SaveLast_NoFinePOS.py	Slovak	Slovak	REAL_REAL	4	0.0212052443256	1.64042059436	9453040	5.46050715393
yWithMorphologySequentialStreamDropoutDev_BaselineLanguage_Fast_SaveLast_NoFinePOS.py	Slovak	Slovak	REAL_REAL	5	0.0136767975272	1.64042059436	9453040	5.46050715393
yWithMorphologySequentialStreamDropoutDev_BaselineLanguage_Fast_SaveLast_NoFinePOS.py	Slovak	Slovak	REAL_REAL	6	0.00959814346	1.64042059436	9453040	5.46050715393
yWithMorphologySequentialStreamDropoutDev_BaselineLanguage_Fast_SaveLast_NoFinePOS.py	Slovak	Slovak	REAL_REAL	7	0.00521873713356	1.64042059436	9453040	5.46050715393
yWithMorphologySequentialStreamDropoutDev_BaselineLanguage_Fast_SaveLast_NoFinePOS.py	Slovak	Slovak	REAL_REAL	8	0.00399058383622	1.64042059436	9453040	5.46050715393
yWithMorphologySequentialStreamDropoutDev_BaselineLanguage_Fast_SaveLast_NoFinePOS.py	Slovak	Slovak	REAL_REAL	9	0.0012724976017	1.64042059436	9453040	5.46050715393
yWithMorphologySequentialStreamDropoutDev_BaselineLanguage_Fast_SaveLast_NoFinePOS.py	Slovak	Slovak	REAL_REAL	10	0.000629584103415	1.64042059436	9453040	5.46050715393
yWithMorphologySequentialStreamDropoutDev_BaselineLanguage_Fast_SaveLast_NoFinePOS.py	Slovak	Slovak	REAL_REAL	11	0.00061998346897	1.64042059436	9453040	5.46050715393
yWithMorphologySequentialStreamDropoutDev_BaselineLanguage_Fast_SaveLast_NoFinePOS.py	Slovak	Slovak	REAL_REAL	12	2.19903171881e-05	1.64042059436	9453040	5.46050715393
yWithMorphologySequentialStreamDropoutDev_BaselineLanguage_Fast_SaveLast_NoFinePOS.py	Slovak	Slovak	REAL_REAL	13	0.000205508650166	1.64042059436	9453040	5.46050715393
yWithMorphologySequentialStreamDropoutDev_BaselineLanguage_Fast_SaveLast_NoFinePOS.py	Slovak	Slovak	REAL_REAL	14	0.000406530336158	1.64042059436	9453040	5.46050715393
yWithMorphologySequentialStreamDropoutDev_BaselineLanguage_Fast_SaveLast_NoFinePOS.py	Slovak	Slovak	REAL_REAL	15	0	1.64042059436	9453040	5.46050715393
yWithMorphologySequentialStreamDropoutDev_BaselineLanguage_Fast_SaveLast_NoFinePOS.py	Slovak	Slovak	REAL_REAL	16	0.000206717481352	1.64042059436	9453040	5.46050715393
yWithMorphologySequentialStreamDropoutDev_BaselineLanguage_Fast_SaveLast_NoFinePOS.py	Slovak	Slovak	REAL_REAL	17	0.000133052713251	1.64042059436	9453040	5.46050715393
yWithMorphologySequentialStreamDropoutDev_BaselineLanguage_Fast_SaveLast_NoFinePOS.py	Slovak	Slovak	REAL_REAL	18	0.000384216847485	1.64042059436	9453040	5.46050715393
yWithMorphologySequentialStreamDropoutDev_BaselineLanguage_Fast_SaveLast_NoFinePOS.py	Slovak	Slovak	REAL_REAL	19	0.000284448470155	1.64042059436	9453040	5.46050715393
yWithMorphologySequentialStreamDropoutDev_BaselineLanguage_Fast_SaveLast_NoFinePOS.py	Slovak	Slovak	REAL_REAL	1	1.38178407979	1.61786595073	2514891	5.4797491321
yWithMorphologySequentialStreamDropoutDev_BaselineLanguage_Fast_SaveLast_NoFinePOS.py	Slovak	Slovak	REAL_REAL	2	0.1512823656	1.61786595073	2514891	5.4797491321
yWithMorphologySequentialStreamDropoutDev_BaselineLanguage_Fast_SaveLast_NoFinePOS.py	Slovak	Slovak	REAL_REAL	3	0.0358573311812	1.61786595073	2514891	5.4797491321
yWithMorphologySequentialStreamDropoutDev_BaselineLanguage_Fast_SaveLast_NoFinePOS.py	Slovak	Slovak	REAL_REAL	4	0.0236097199868	1.61786595073	2514891	5.4797491321
yWithMorphologySequentialStreamDropoutDev_BaselineLanguage_Fast_SaveLast_NoFinePOS.py	Slovak	Slovak	REAL_REAL	5	0.0087718529244	1.61786595073	2514891	5.4797491321
yWithMorphologySequentialStreamDropoutDev_BaselineLanguage_Fast_SaveLast_NoFinePOS.py	Slovak	Slovak	REAL_REAL	6	0.00598124592272	1.61786595073	2514891	5.4797491321
yWithMorphologySequentialStreamDropoutDev_BaselineLanguage_Fast_SaveLast_NoFinePOS.py	Slovak	Slovak	REAL_REAL	7	0.00409609169176	1.61786595073	2514891	5.4797491321
yWithMorphologySequentialStreamDropoutDev_BaselineLanguage_Fast_SaveLast_NoFinePOS.py	Slovak	Slovak	REAL_REAL	8	0.00365712467122	1.61786595073	2514891	5.4797491321
yWithMorphologySequentialStreamDropoutDev_BaselineLanguage_Fast_SaveLast_NoFinePOS.py	Slovak	Slovak	REAL_REAL	9	0.00117678107464	1.61786595073	2514891	5.4797491321
yWithMorphologySequentialStreamDropoutDev_BaselineLanguage_Fast_SaveLast_NoFinePOS.py	Slovak	Slovak	REAL_REAL	10	0.000512351401865	1.61786595073	2514891	5.4797491321
yWithMorphologySequentialStreamDropoutDev_BaselineLanguage_Fast_SaveLast_NoFinePOS.py	Slovak	Slovak	REAL_REAL	11	0.000574047883896	1.61786595073	2514891	5.4797491321
yWithMorphologySequentialStreamDropoutDev_BaselineLanguage_Fast_SaveLast_NoFinePOS.py	Slovak	Slovak	REAL_REAL	12	0.000157419826886	1.61786595073	2514891	5.4797491321
yWithMorphologySequentialStreamDropoutDev_BaselineLanguage_Fast_SaveLast_NoFinePOS.py	Slovak	Slovak	REAL_REAL	13	0	1.61786595073	2514891	5.4797491321
yWithMorphologySequentialStreamDropoutDev_BaselineLanguage_Fast_SaveLast_NoFinePOS.py	Slovak	Slovak	REAL_REAL	14	0.000119188509575	1.61786595073	2514891	5.4797491321
yWithMorphologySequentialStreamDropoutDev_BaselineLanguage_Fast_SaveLast_NoFinePOS.py	Slovak	Slovak	REAL_REAL	15	9.34375883781e-05	1.61786595073	2514891	5.4797491321
yWithMorphologySequentialStreamDropoutDev_BaselineLanguage_Fast_SaveLast_NoFinePOS.py	Slovak	Slovak	REAL_REAL	16	0.000599443830856	1.61786595073	2514891	5.4797491321
yWithMorphologySequentialStreamDropoutDev_BaselineLanguage_Fast_SaveLast_NoFinePOS.py	Slovak	Slovak	REAL_REAL	17	0	1.61786595073	2514891	5.4797491321
yWithMorphologySequentialStreamDropoutDev_BaselineLanguage_Fast_SaveLast_NoFinePOS.py	Slovak	Slovak	REAL_REAL	18	0	1.61786595073	2514891	5.4797491321
yWithMorphologySequentialStreamDropoutDev_BaselineLanguage_Fast_SaveLast_NoFinePOS.py	Slovak	Slovak	REAL_REAL	19	0	1.61786595073	2514891	5.4797491321
yWithMorphologySequentialStreamDropoutDev_BaselineLanguage_Fast_SaveLast_NoFinePOS.py	Slovak	Slovak	REAL_REAL	1	1.37398474259	1.60938497169	349873628	5.46405746022
yWithMorphologySequentialStreamDropoutDev_BaselineLanguage_Fast_SaveLast_NoFinePOS.py	Slovak	Slovak	REAL_REAL	2	0.138260156182	1.60938497169	349873628	5.46405746022
yWithMorphologySequentialStreamDropoutDev_BaselineLanguage_Fast_SaveLast_NoFinePOS.py	Slovak	Slovak	REAL_REAL	3	0.0369244409751	1.60938497169	349873628	5.46405746022
yWithMorphologySequentialStreamDropoutDev_BaselineLanguage_Fast_SaveLast_NoFinePOS.py	Slovak	Slovak	REAL_REAL	4	0.0258670948548	1.60938497169	349873628	5.46405746022
yWithMorphologySequentialStreamDropoutDev_BaselineLanguage_Fast_SaveLast_NoFinePOS.py	Slovak	Slovak	REAL_REAL	5	0.0155728839032	1.60938497169	349873628	5.46405746022
yWithMorphologySequentialStreamDropoutDev_BaselineLanguage_Fast_SaveLast_NoFinePOS.py	Slovak	Slovak	REAL_REAL	6	0.00804542054052	1.60938497169	349873628	5.46405746022
yWithMorphologySequentialStreamDropoutDev_BaselineLanguage_Fast_SaveLast_NoFinePOS.py	Slovak	Slovak	REAL_REAL	7	0.00532324452923	1.60938497169	349873628	5.46405746022
yWithMorphologySequentialStreamDropoutDev_BaselineLanguage_Fast_SaveLast_NoFinePOS.py	Slovak	Slovak	REAL_REAL	8	0.0037546484846	1.60938497169	349873628	5.46405746022
yWithMorphologySequentialStreamDropoutDev_BaselineLanguage_Fast_SaveLast_NoFinePOS.py	Slovak	Slovak	REAL_REAL	9	0.000772669748084	1.60938497169	349873628	5.46405746022
yWithMorphologySequentialStreamDropoutDev_BaselineLanguage_Fast_SaveLast_NoFinePOS.py	Slovak	Slovak	REAL_REAL	10	0	1.60938497169	349873628	5.46405746022
yWithMorphologySequentialStreamDropoutDev_BaselineLanguage_Fast_SaveLast_NoFinePOS.py	Slovak	Slovak	REAL_REAL	11	0.00120759328751	1.60938497169	349873628	5.46405746022
yWithMorphologySequentialStreamDropoutDev_BaselineLanguage_Fast_SaveLast_NoFinePOS.py	Slovak	Slovak	REAL_REAL	12	0	1.60938497169	349873628	5.46405746022
yWithMorphologySequentialStreamDropoutDev_BaselineLanguage_Fast_SaveLast_NoFinePOS.py	Slovak	Slovak	REAL_REAL	13	0.00016566788497	1.60938497169	349873628	5.46405746022
yWithMorphologySequentialStreamDropoutDev_BaselineLanguage_Fast_SaveLast_NoFinePOS.py	Slovak	Slovak	REAL_REAL	14	0	1.60938497169	349873628	5.46405746022
yWithMorphologySequentialStreamDropoutDev_BaselineLanguage_Fast_SaveLast_NoFinePOS.py	Slovak	Slovak	REAL_REAL	15	0	1.60938497169	349873628	5.46405746022
yWithMorphologySequentialStreamDropoutDev_BaselineLanguage_Fast_SaveLast_NoFinePOS.py	Slovak	Slovak	REAL_REAL	16	0.000335847269999	1.60938497169	349873628	5.46405746022
yWithMorphologySequentialStreamDropoutDev_BaselineLanguage_Fast_SaveLast_NoFinePOS.py	Slovak	Slovak	REAL_REAL	17	0.000273881056537	1.60938497169	349873628	5.46405746022
yWithMorphologySequentialStreamDropoutDev_BaselineLanguage_Fast_SaveLast_NoFinePOS.py	Slovak	Slovak	REAL_REAL	18	0	1.60938497169	349873628	5.46405746022
yWithMorphologySequentialStreamDropoutDev_BaselineLanguage_Fast_SaveLast_NoFinePOS.py	Slovak	Slovak	REAL_REAL	19	2.54228915253e-05	1.60938497169	349873628	5.46405746022
yWithMorphologySequentialStreamDropoutDev_BaselineLanguage_Fast_SaveLast_NoFinePOS.py	Slovak	Slovak	REAL_REAL	1	1.39054039668	1.64247980526	4089252	5.46419664417
yWithMorphologySequentialStreamDropoutDev_BaselineLanguage_Fast_SaveLast_NoFinePOS.py	Slovak	Slovak	REAL_REAL	2	0.143264356092	1.64247980526	4089252	5.46419664417
yWithMorphologySequentialStreamDropoutDev_BaselineLanguage_Fast_SaveLast_NoFinePOS.py	Slovak	Slovak	REAL_REAL	3	0.0424529287913	1.64247980526	4089252	5.46419664417
yWithMorphologySequentialStreamDropoutDev_BaselineLanguage_Fast_SaveLast_NoFinePOS.py	Slovak	Slovak	REAL_REAL	4	0.0265718238403	1.64247980526	4089252	5.46419664417
yWithMorphologySequentialStreamDropoutDev_BaselineLanguage_Fast_SaveLast_NoFinePOS.py	Slovak	Slovak	REAL_REAL	5	0.0137264862861	1.64247980526	4089252	5.46419664417
yWithMorphologySequentialStreamDropoutDev_BaselineLanguage_Fast_SaveLast_NoFinePOS.py	Slovak	Slovak	REAL_REAL	6	0.00796370963528	1.64247980526	4089252	5.46419664417
yWithMorphologySequentialStreamDropoutDev_BaselineLanguage_Fast_SaveLast_NoFinePOS.py	Slovak	Slovak	REAL_REAL	7	0.00730719333642	1.64247980526	4089252	5.46419664417
yWithMorphologySequentialStreamDropoutDev_BaselineLanguage_Fast_SaveLast_NoFinePOS.py	Slovak	Slovak	REAL_REAL	8	0.00467074562425	1.64247980526	4089252	5.46419664417
yWithMorphologySequentialStreamDropoutDev_BaselineLanguage_Fast_SaveLast_NoFinePOS.py	Slovak	Slovak	REAL_REAL	9	0.00304689513494	1.64247980526	4089252	5.46419664417
yWithMorphologySequentialStreamDropoutDev_BaselineLanguage_Fast_SaveLast_NoFinePOS.py	Slovak	Slovak	REAL_REAL	10	0.000424619815121	1.64247980526	4089252	5.46419664417
yWithMorphologySequentialStreamDropoutDev_BaselineLanguage_Fast_SaveLast_NoFinePOS.py	Slovak	Slovak	REAL_REAL	11	0.000541045608586	1.64247980526	4089252	5.46419664417
yWithMorphologySequentialStreamDropoutDev_BaselineLanguage_Fast_SaveLast_NoFinePOS.py	Slovak	Slovak	REAL_REAL	12	0.00126388615941	1.64247980526	4089252	5.46419664417
yWithMorphologySequentialStreamDropoutDev_BaselineLanguage_Fast_SaveLast_NoFinePOS.py	Slovak	Slovak	REAL_REAL	13	0.000451411735522	1.64247980526	4089252	5.46419664417
yWithMorphologySequentialStreamDropoutDev_BaselineLanguage_Fast_SaveLast_NoFinePOS.py	Slovak	Slovak	REAL_REAL	14	0	1.64247980526	4089252	5.46419664417
yWithMorphologySequentialStreamDropoutDev_BaselineLanguage_Fast_SaveLast_NoFinePOS.py	Slovak	Slovak	REAL_REAL	15	0.000618020189951	1.64247980526	4089252	5.46419664417
yWithMorphologySequentialStreamDropoutDev_BaselineLanguage_Fast_SaveLast_NoFinePOS.py	Slovak	Slovak	REAL_REAL	16	0	1.64247980526	4089252	5.46419664417
yWithMorphologySequentialStreamDropoutDev_BaselineLanguage_Fast_SaveLast_NoFinePOS.py	Slovak	Slovak	REAL_REAL	17	0	1.64247980526	4089252	5.46419664417
yWithMorphologySequentialStreamDropoutDev_BaselineLanguage_Fast_SaveLast_NoFinePOS.py	Slovak	Slovak	REAL_REAL	18	0.0001594117243	1.64247980526	4089252	5.46419664417
yWithMorphologySequentialStreamDropoutDev_BaselineLanguage_Fast_SaveLast_NoFinePOS.py	Slovak	Slovak	REAL_REAL	19	0	1.64247980526	4089252	5.46419664417
yWithMorphologySequentialStreamDropoutDev_BaselineLanguage_Fast_SaveLast_NoFinePOS.py	Slovak	Slovak	REAL_REAL	1	1.41406539548	1.67631787552	1920420	5.47700929658
yWithMorphologySequentialStreamDropoutDev_BaselineLanguage_Fast_SaveLast_NoFinePOS.py	Slovak	Slovak	REAL_REAL	2	0.163699716289	1.67631787552	1920420	5.47700929658
yWithMorphologySequentialStreamDropoutDev_BaselineLanguage_Fast_SaveLast_NoFinePOS.py	Slovak	Slovak	REAL_REAL	3	0.0448509529845	1.67631787552	1920420	5.47700929658
yWithMorphologySequentialStreamDropoutDev_BaselineLanguage_Fast_SaveLast_NoFinePOS.py	Slovak	Slovak	REAL_REAL	4	0.0225546645383	1.67631787552	1920420	5.47700929658
yWithMorphologySequentialStreamDropoutDev_BaselineLanguage_Fast_SaveLast_NoFinePOS.py	Slovak	Slovak	REAL_REAL	5	0.0124901603754	1.67631787552	1920420	5.47700929658
yWithMorphologySequentialStreamDropoutDev_BaselineLanguage_Fast_SaveLast_NoFinePOS.py	Slovak	Slovak	REAL_REAL	6	0.00665285587311	1.67631787552	1920420	5.47700929658
yWithMorphologySequentialStreamDropoutDev_BaselineLanguage_Fast_SaveLast_NoFinePOS.py	Slovak	Slovak	REAL_REAL	7	0.00612924511302	1.67631787552	1920420	5.47700929658
yWithMorphologySequentialStreamDropoutDev_BaselineLanguage_Fast_SaveLast_NoFinePOS.py	Slovak	Slovak	REAL_REAL	8	0.00512871619773	1.67631787552	1920420	5.47700929658
yWithMorphologySequentialStreamDropoutDev_BaselineLanguage_Fast_SaveLast_NoFinePOS.py	Slovak	Slovak	REAL_REAL	9	0.000704566542416	1.67631787552	1920420	5.47700929658
yWithMorphologySequentialStreamDropoutDev_BaselineLanguage_Fast_SaveLast_NoFinePOS.py	Slovak	Slovak	REAL_REAL	10	0	1.67631787552	1920420	5.47700929658
yWithMorphologySequentialStreamDropoutDev_BaselineLanguage_Fast_SaveLast_NoFinePOS.py	Slovak	Slovak	REAL_REAL	11	0.000476557383799	1.67631787552	1920420	5.47700929658
yWithMorphologySequentialStreamDropoutDev_BaselineLanguage_Fast_SaveLast_NoFinePOS.py	Slovak	Slovak	REAL_REAL	12	0	1.67631787552	1920420	5.47700929658
yWithMorphologySequentialStreamDropoutDev_BaselineLanguage_Fast_SaveLast_NoFinePOS.py	Slovak	Slovak	REAL_REAL	13	9.61885876851e-05	1.67631787552	1920420	5.47700929658
yWithMorphologySequentialStreamDropoutDev_BaselineLanguage_Fast_SaveLast_NoFinePOS.py	Slovak	Slovak	REAL_REAL	14	0	1.67631787552	1920420	5.47700929658
yWithMorphologySequentialStreamDropoutDev_BaselineLanguage_Fast_SaveLast_NoFinePOS.py	Slovak	Slovak	REAL_REAL	15	0	1.67631787552	1920420	5.47700929658
yWithMorphologySequentialStreamDropoutDev_BaselineLanguage_Fast_SaveLast_NoFinePOS.py	Slovak	Slovak	REAL_REAL	16	0.00022634667893	1.67631787552	1920420	5.47700929658
yWithMorphologySequentialStreamDropoutDev_BaselineLanguage_Fast_SaveLast_NoFinePOS.py	Slovak	Slovak	REAL_REAL	17	0	1.67631787552	1920420	5.47700929658
yWithMorphologySequentialStreamDropoutDev_BaselineLanguage_Fast_SaveLast_NoFinePOS.py	Slovak	Slovak	REAL_REAL	18	0	1.67631787552	1920420	5.47700929658
yWithMorphologySequentialStreamDropoutDev_BaselineLanguage_Fast_SaveLast_NoFinePOS.py	Slovak	Slovak	REAL_REAL	19	0.000200576488286	1.67631787552	1920420	5.47700929658
yWithMorphologySequentialStreamDropoutDev_BaselineLanguage_Fast_SaveLast_NoFinePOS.py	Slovak	Slovak	REAL_REAL	1	1.38952527765	1.65327783827	4044476	5.47663357356
yWithMorphologySequentialStreamDropoutDev_BaselineLanguage_Fast_SaveLast_NoFinePOS.py	Slovak	Slovak	REAL_REAL	2	0.1592268044	1.65327783827	4044476	5.47663357356
yWithMorphologySequentialStreamDropoutDev_BaselineLanguage_Fast_SaveLast_NoFinePOS.py	Slovak	Slovak	REAL_REAL	3	0.0426271202221	1.65327783827	4044476	5.47663357356
yWithMorphologySequentialStreamDropoutDev_BaselineLanguage_Fast_SaveLast_NoFinePOS.py	Slovak	Slovak	REAL_REAL	4	0.0274003513055	1.65327783827	4044476	5.47663357356
yWithMorphologySequentialStreamDropoutDev_BaselineLanguage_Fast_SaveLast_NoFinePOS.py	Slovak	Slovak	REAL_REAL	5	0.0144935067386	1.65327783827	4044476	5.47663357356
yWithMorphologySequentialStreamDropoutDev_BaselineLanguage_Fast_SaveLast_NoFinePOS.py	Slovak	Slovak	REAL_REAL	6	0.00868472122166	1.65327783827	4044476	5.47663357356
yWithMorphologySequentialStreamDropoutDev_BaselineLanguage_Fast_SaveLast_NoFinePOS.py	Slovak	Slovak	REAL_REAL	7	0.00537130350936	1.65327783827	4044476	5.47663357356
yWithMorphologySequentialStreamDropoutDev_BaselineLanguage_Fast_SaveLast_NoFinePOS.py	Slovak	Slovak	REAL_REAL	8	0.00311668784651	1.65327783827	4044476	5.47663357356
yWithMorphologySequentialStreamDropoutDev_BaselineLanguage_Fast_SaveLast_NoFinePOS.py	Slovak	Slovak	REAL_REAL	9	0.00119405854238	1.65327783827	4044476	5.47663357356
yWithMorphologySequentialStreamDropoutDev_BaselineLanguage_Fast_SaveLast_NoFinePOS.py	Slovak	Slovak	REAL_REAL	10	5.27097754284e-05	1.65327783827	4044476	5.47663357356
yWithMorphologySequentialStreamDropoutDev_BaselineLanguage_Fast_SaveLast_NoFinePOS.py	Slovak	Slovak	REAL_REAL	11	0.000908826067023	1.65327783827	4044476	5.47663357356
yWithMorphologySequentialStreamDropoutDev_BaselineLanguage_Fast_SaveLast_NoFinePOS.py	Slovak	Slovak	REAL_REAL	12	0.000161780519028	1.65327783827	4044476	5.47663357356
yWithMorphologySequentialStreamDropoutDev_BaselineLanguage_Fast_SaveLast_NoFinePOS.py	Slovak	Slovak	REAL_REAL	13	0.000861794899588	1.65327783827	4044476	5.47663357356
yWithMorphologySequentialStreamDropoutDev_BaselineLanguage_Fast_SaveLast_NoFinePOS.py	Slovak	Slovak	REAL_REAL	14	0	1.65327783827	4044476	5.47663357356
yWithMorphologySequentialStreamDropoutDev_BaselineLanguage_Fast_SaveLast_NoFinePOS.py	Slovak	Slovak	REAL_REAL	15	0	1.65327783827	4044476	5.47663357356
yWithMorphologySequentialStreamDropoutDev_BaselineLanguage_Fast_SaveLast_NoFinePOS.py	Slovak	Slovak	REAL_REAL	16	0.000314160119997	1.65327783827	4044476	5.47663357356
yWithMorphologySequentialStreamDropoutDev_BaselineLanguage_Fast_SaveLast_NoFinePOS.py	Slovak	Slovak	REAL_REAL	17	0.000432601897684	1.65327783827	4044476	5.47663357356
yWithMorphologySequentialStreamDropoutDev_BaselineLanguage_Fast_SaveLast_NoFinePOS.py	Slovak	Slovak	REAL_REAL	18	0	1.65327783827	4044476	5.47663357356
yWithMorphologySequentialStreamDropoutDev_BaselineLanguage_Fast_SaveLast_NoFinePOS.py	Slovak	Slovak	REAL_REAL	19	0	1.65327783827	4044476	5.47663357356
yWithMorphologySequentialStreamDropoutDev_BaselineLanguage_Fast_SaveLast_NoFinePOS.py	Slovak	Slovak	REAL_REAL	1	1.4019433537	1.61571461783	5940908	5.46884831713
yWithMorphologySequentialStreamDropoutDev_BaselineLanguage_Fast_SaveLast_NoFinePOS.py	Slovak	Slovak	REAL_REAL	2	0.131018796339	1.61571461783	5940908	5.46884831713
yWithMorphologySequentialStreamDropoutDev_BaselineLanguage_Fast_SaveLast_NoFinePOS.py	Slovak	Slovak	REAL_REAL	3	0.0332986428313	1.61571461783	5940908	5.46884831713
yWithMorphologySequentialStreamDropoutDev_BaselineLanguage_Fast_SaveLast_NoFinePOS.py	Slovak	Slovak	REAL_REAL	4	0.019008055166	1.61571461783	5940908	5.46884831713
yWithMorphologySequentialStreamDropoutDev_BaselineLanguage_Fast_SaveLast_NoFinePOS.py	Slovak	Slovak	REAL_REAL	5	0.0136884371304	1.61571461783	5940908	5.46884831713
yWithMorphologySequentialStreamDropoutDev_BaselineLanguage_Fast_SaveLast_NoFinePOS.py	Slovak	Slovak	REAL_REAL	6	0.00744489280328	1.61571461783	5940908	5.46884831713
yWithMorphologySequentialStreamDropoutDev_BaselineLanguage_Fast_SaveLast_NoFinePOS.py	Slovak	Slovak	REAL_REAL	7	0.00335488515357	1.61571461783	5940908	5.46884831713
yWithMorphologySequentialStreamDropoutDev_BaselineLanguage_Fast_SaveLast_NoFinePOS.py	Slovak	Slovak	REAL_REAL	8	0.00378363953061	1.61571461783	5940908	5.46884831713
yWithMorphologySequentialStreamDropoutDev_BaselineLanguage_Fast_SaveLast_NoFinePOS.py	Slovak	Slovak	REAL_REAL	9	0.00107497091163	1.61571461783	5940908	5.46884831713
yWithMorphologySequentialStreamDropoutDev_BaselineLanguage_Fast_SaveLast_NoFinePOS.py	Slovak	Slovak	REAL_REAL	10	0.00038405211821	1.61571461783	5940908	5.46884831713
yWithMorphologySequentialStreamDropoutDev_BaselineLanguage_Fast_SaveLast_NoFinePOS.py	Slovak	Slovak	REAL_REAL	11	0	1.61571461783	5940908	5.46884831713
yWithMorphologySequentialStreamDropoutDev_BaselineLanguage_Fast_SaveLast_NoFinePOS.py	Slovak	Slovak	REAL_REAL	12	0	1.61571461783	5940908	5.46884831713
yWithMorphologySequentialStreamDropoutDev_BaselineLanguage_Fast_SaveLast_NoFinePOS.py	Slovak	Slovak	REAL_REAL	13	0.000463898622826	1.61571461783	5940908	5.46884831713
yWithMorphologySequentialStreamDropoutDev_BaselineLanguage_Fast_SaveLast_NoFinePOS.py	Slovak	Slovak	REAL_REAL	14	0	1.61571461783	5940908	5.46884831713
yWithMorphologySequentialStreamDropoutDev_BaselineLanguage_Fast_SaveLast_NoFinePOS.py	Slovak	Slovak	REAL_REAL	15	0.000177509572408	1.61571461783	5940908	5.46884831713
yWithMorphologySequentialStreamDropoutDev_BaselineLanguage_Fast_SaveLast_NoFinePOS.py	Slovak	Slovak	REAL_REAL	16	1.47142230649e-05	1.61571461783	5940908	5.46884831713
yWithMorphologySequentialStreamDropoutDev_BaselineLanguage_Fast_SaveLast_NoFinePOS.py	Slovak	Slovak	REAL_REAL	17	0	1.61571461783	5940908	5.46884831713
yWithMorphologySequentialStreamDropoutDev_BaselineLanguage_Fast_SaveLast_NoFinePOS.py	Slovak	Slovak	REAL_REAL	18	0.000586635731671	1.61571461783	5940908	5.46884831713
yWithMorphologySequentialStreamDropoutDev_BaselineLanguage_Fast_SaveLast_NoFinePOS.py	Slovak	Slovak	REAL_REAL	19	0	1.61571461783	5940908	5.46884831713
yWithMorphologySequentialStreamDropoutDev_BaselineLanguage_Fast_SaveLast_NoFinePOS.py	Slovak	Slovak	REAL_REAL	1	1.37624863325	1.64839327123	764330	5.47217895495
yWithMorphologySequentialStreamDropoutDev_BaselineLanguage_Fast_SaveLast_NoFinePOS.py	Slovak	Slovak	REAL_REAL	2	0.152990779036	1.64839327123	764330	5.47217895495
yWithMorphologySequentialStreamDropoutDev_BaselineLanguage_Fast_SaveLast_NoFinePOS.py	Slovak	Slovak	REAL_REAL	3	0.0454462112221	1.64839327123	764330	5.47217895495
yWithMorphologySequentialStreamDropoutDev_BaselineLanguage_Fast_SaveLast_NoFinePOS.py	Slovak	Slovak	REAL_REAL	4	0.0307103235019	1.64839327123	764330	5.47217895495
yWithMorphologySequentialStreamDropoutDev_BaselineLanguage_Fast_SaveLast_NoFinePOS.py	Slovak	Slovak	REAL_REAL	5	0.0174784159824	1.64839327123	764330	5.47217895495
yWithMorphologySequentialStreamDropoutDev_BaselineLanguage_Fast_SaveLast_NoFinePOS.py	Slovak	Slovak	REAL_REAL	6	0.00987639243472	1.64839327123	764330	5.47217895495
yWithMorphologySequentialStreamDropoutDev_BaselineLanguage_Fast_SaveLast_NoFinePOS.py	Slovak	Slovak	REAL_REAL	7	0.00621715669763	1.64839327123	764330	5.47217895495
yWithMorphologySequentialStreamDropoutDev_BaselineLanguage_Fast_SaveLast_NoFinePOS.py	Slovak	Slovak	REAL_REAL	8	0.00492169330381	1.64839327123	764330	5.47217895495
yWithMorphologySequentialStreamDropoutDev_BaselineLanguage_Fast_SaveLast_NoFinePOS.py	Slovak	Slovak	REAL_REAL	9	0.00127222978905	1.64839327123	764330	5.47217895495
yWithMorphologySequentialStreamDropoutDev_BaselineLanguage_Fast_SaveLast_NoFinePOS.py	Slovak	Slovak	REAL_REAL	10	0.00152531686711	1.64839327123	764330	5.47217895495
yWithMorphologySequentialStreamDropoutDev_BaselineLanguage_Fast_SaveLast_NoFinePOS.py	Slovak	Slovak	REAL_REAL	11	0.000165126952407	1.64839327123	764330	5.47217895495
yWithMorphologySequentialStreamDropoutDev_BaselineLanguage_Fast_SaveLast_NoFinePOS.py	Slovak	Slovak	REAL_REAL	12	9.84656892409e-05	1.64839327123	764330	5.47217895495
yWithMorphologySequentialStreamDropoutDev_BaselineLanguage_Fast_SaveLast_NoFinePOS.py	Slovak	Slovak	REAL_REAL	13	0.0008162550322	1.64839327123	764330	5.47217895495
yWithMorphologySequentialStreamDropoutDev_BaselineLanguage_Fast_SaveLast_NoFinePOS.py	Slovak	Slovak	REAL_REAL	14	0	1.64839327123	764330	5.47217895495
yWithMorphologySequentialStreamDropoutDev_BaselineLanguage_Fast_SaveLast_NoFinePOS.py	Slovak	Slovak	REAL_REAL	15	0.000257340073585	1.64839327123	764330	5.47217895495
yWithMorphologySequentialStreamDropoutDev_BaselineLanguage_Fast_SaveLast_NoFinePOS.py	Slovak	Slovak	REAL_REAL	16	0.000630533776871	1.64839327123	764330	5.47217895495
yWithMorphologySequentialStreamDropoutDev_BaselineLanguage_Fast_SaveLast_NoFinePOS.py	Slovak	Slovak	REAL_REAL	17	0.000291008328738	1.64839327123	764330	5.47217895495
yWithMorphologySequentialStreamDropoutDev_BaselineLanguage_Fast_SaveLast_NoFinePOS.py	Slovak	Slovak	REAL_REAL	18	0	1.64839327123	764330	5.47217895495
yWithMorphologySequentialStreamDropoutDev_BaselineLanguage_Fast_SaveLast_NoFinePOS.py	Slovak	Slovak	REAL_REAL	19	0.000560227444727	1.64839327123	764330	5.47217895495
yWithMorphologySequentialStreamDropoutDev_BaselineLanguage_Fast_SaveLast_NoFinePOS.py	Slovak	Slovak	REAL_REAL	1	1.37058251745	1.60824270628	3789767	5.47273427734
yWithMorphologySequentialStreamDropoutDev_BaselineLanguage_Fast_SaveLast_NoFinePOS.py	Slovak	Slovak	REAL_REAL	2	0.136376979743	1.60824270628	3789767	5.47273427734
yWithMorphologySequentialStreamDropoutDev_BaselineLanguage_Fast_SaveLast_NoFinePOS.py	Slovak	Slovak	REAL_REAL	3	0.0414395028189	1.60824270628	3789767	5.47273427734
yWithMorphologySequentialStreamDropoutDev_BaselineLanguage_Fast_SaveLast_NoFinePOS.py	Slovak	Slovak	REAL_REAL	4	0.0255113610258	1.60824270628	3789767	5.47273427734
yWithMorphologySequentialStreamDropoutDev_BaselineLanguage_Fast_SaveLast_NoFinePOS.py	Slovak	Slovak	REAL_REAL	5	0.0145413960088	1.60824270628	3789767	5.47273427734
yWithMorphologySequentialStreamDropoutDev_BaselineLanguage_Fast_SaveLast_NoFinePOS.py	Slovak	Slovak	REAL_REAL	6	0.00861928797748	1.60824270628	3789767	5.47273427734
yWithMorphologySequentialStreamDropoutDev_BaselineLanguage_Fast_SaveLast_NoFinePOS.py	Slovak	Slovak	REAL_REAL	7	0.004254571624	1.60824270628	3789767	5.47273427734
yWithMorphologySequentialStreamDropoutDev_BaselineLanguage_Fast_SaveLast_NoFinePOS.py	Slovak	Slovak	REAL_REAL	8	0.00367488644711	1.60824270628	3789767	5.47273427734
yWithMorphologySequentialStreamDropoutDev_BaselineLanguage_Fast_SaveLast_NoFinePOS.py	Slovak	Slovak	REAL_REAL	9	0.0014427452463	1.60824270628	3789767	5.47273427734
yWithMorphologySequentialStreamDropoutDev_BaselineLanguage_Fast_SaveLast_NoFinePOS.py	Slovak	Slovak	REAL_REAL	10	0.000639138605497	1.60824270628	3789767	5.47273427734
yWithMorphologySequentialStreamDropoutDev_BaselineLanguage_Fast_SaveLast_NoFinePOS.py	Slovak	Slovak	REAL_REAL	11	0.00053141958093	1.60824270628	3789767	5.47273427734
yWithMorphologySequentialStreamDropoutDev_BaselineLanguage_Fast_SaveLast_NoFinePOS.py	Slovak	Slovak	REAL_REAL	12	0	1.60824270628	3789767	5.47273427734
yWithMorphologySequentialStreamDropoutDev_BaselineLanguage_Fast_SaveLast_NoFinePOS.py	Slovak	Slovak	REAL_REAL	13	0.000457313044431	1.60824270628	3789767	5.47273427734
yWithMorphologySequentialStreamDropoutDev_BaselineLanguage_Fast_SaveLast_NoFinePOS.py	Slovak	Slovak	REAL_REAL	14	0.000280894277847	1.60824270628	3789767	5.47273427734
yWithMorphologySequentialStreamDropoutDev_BaselineLanguage_Fast_SaveLast_NoFinePOS.py	Slovak	Slovak	REAL_REAL	15	0	1.60824270628	3789767	5.47273427734
yWithMorphologySequentialStreamDropoutDev_BaselineLanguage_Fast_SaveLast_NoFinePOS.py	Slovak	Slovak	REAL_REAL	16	8.75532627105e-05	1.60824270628	3789767	5.47273427734
yWithMorphologySequentialStreamDropoutDev_BaselineLanguage_Fast_SaveLast_NoFinePOS.py	Slovak	Slovak	REAL_REAL	17	3.56556618053e-05	1.60824270628	3789767	5.47273427734
yWithMorphologySequentialStreamDropoutDev_BaselineLanguage_Fast_SaveLast_NoFinePOS.py	Slovak	Slovak	REAL_REAL	18	0.000147635397846	1.60824270628	3789767	5.47273427734
yWithMorphologySequentialStreamDropoutDev_BaselineLanguage_Fast_SaveLast_NoFinePOS.py	Slovak	Slovak	REAL_REAL	19	9.4275686839e-05	1.60824270628	3789767	5.47273427734
yWithMorphologySequentialStreamDropoutDev_BaselineLanguage_Fast_SaveLast_NoFinePOS.py	Slovak	Slovak	REAL_REAL	1	1.37793969496	1.65714094398	1135796	5.47721064613
yWithMorphologySequentialStreamDropoutDev_BaselineLanguage_Fast_SaveLast_NoFinePOS.py	Slovak	Slovak	REAL_REAL	2	0.169083261082	1.65714094398	1135796	5.47721064613
yWithMorphologySequentialStreamDropoutDev_BaselineLanguage_Fast_SaveLast_NoFinePOS.py	Slovak	Slovak	REAL_REAL	3	0.0433052522271	1.65714094398	1135796	5.47721064613
yWithMorphologySequentialStreamDropoutDev_BaselineLanguage_Fast_SaveLast_NoFinePOS.py	Slovak	Slovak	REAL_REAL	4	0.0246317259253	1.65714094398	1135796	5.47721064613
yWithMorphologySequentialStreamDropoutDev_BaselineLanguage_Fast_SaveLast_NoFinePOS.py	Slovak	Slovak	REAL_REAL	5	0.0202511571042	1.65714094398	1135796	5.47721064613
yWithMorphologySequentialStreamDropoutDev_BaselineLanguage_Fast_SaveLast_NoFinePOS.py	Slovak	Slovak	REAL_REAL	6	0.00897377611023	1.65714094398	1135796	5.47721064613
yWithMorphologySequentialStreamDropoutDev_BaselineLanguage_Fast_SaveLast_NoFinePOS.py	Slovak	Slovak	REAL_REAL	7	0.00625665677737	1.65714094398	1135796	5.47721064613
yWithMorphologySequentialStreamDropoutDev_BaselineLanguage_Fast_SaveLast_NoFinePOS.py	Slovak	Slovak	REAL_REAL	8	0.00440566233576	1.65714094398	1135796	5.47721064613
yWithMorphologySequentialStreamDropoutDev_BaselineLanguage_Fast_SaveLast_NoFinePOS.py	Slovak	Slovak	REAL_REAL	9	0.00125562287357	1.65714094398	1135796	5.47721064613
yWithMorphologySequentialStreamDropoutDev_BaselineLanguage_Fast_SaveLast_NoFinePOS.py	Slovak	Slovak	REAL_REAL	10	0.00108019501379	1.65714094398	1135796	5.47721064613
yWithMorphologySequentialStreamDropoutDev_BaselineLanguage_Fast_SaveLast_NoFinePOS.py	Slovak	Slovak	REAL_REAL	11	0	1.65714094398	1135796	5.47721064613
yWithMorphologySequentialStreamDropoutDev_BaselineLanguage_Fast_SaveLast_NoFinePOS.py	Slovak	Slovak	REAL_REAL	12	0	1.65714094398	1135796	5.47721064613
yWithMorphologySequentialStreamDropoutDev_BaselineLanguage_Fast_SaveLast_NoFinePOS.py	Slovak	Slovak	REAL_REAL	13	0.000291836220924	1.65714094398	1135796	5.47721064613
yWithMorphologySequentialStreamDropoutDev_BaselineLanguage_Fast_SaveLast_NoFinePOS.py	Slovak	Slovak	REAL_REAL	14	0	1.65714094398	1135796	5.47721064613
yWithMorphologySequentialStreamDropoutDev_BaselineLanguage_Fast_SaveLast_NoFinePOS.py	Slovak	Slovak	REAL_REAL	15	0.000202803415795	1.65714094398	1135796	5.47721064613
yWithMorphologySequentialStreamDropoutDev_BaselineLanguage_Fast_SaveLast_NoFinePOS.py	Slovak	Slovak	REAL_REAL	16	0.000566086336358	1.65714094398	1135796	5.47721064613
yWithMorphologySequentialStreamDropoutDev_BaselineLanguage_Fast_SaveLast_NoFinePOS.py	Slovak	Slovak	REAL_REAL	17	0.00020198193315	1.65714094398	1135796	5.47721064613
yWithMorphologySequentialStreamDropoutDev_BaselineLanguage_Fast_SaveLast_NoFinePOS.py	Slovak	Slovak	REAL_REAL	18	0.000380516501322	1.65714094398	1135796	5.47721064613
yWithMorphologySequentialStreamDropoutDev_BaselineLanguage_Fast_SaveLast_NoFinePOS.py	Slovak	Slovak	REAL_REAL	19	0.000363206455152	1.65714094398	1135796	5.47721064613
yWithMorphologySequentialStreamDropoutDev_BaselineLanguage_Fast_SaveLast_NoFinePOS.py	Slovak	Slovak	REAL_REAL	1	1.40857334529	1.6799426565	5117435	5.48807385548
yWithMorphologySequentialStreamDropoutDev_BaselineLanguage_Fast_SaveLast_NoFinePOS.py	Slovak	Slovak	REAL_REAL	2	0.166603859279	1.6799426565	5117435	5.48807385548
yWithMorphologySequentialStreamDropoutDev_BaselineLanguage_Fast_SaveLast_NoFinePOS.py	Slovak	Slovak	REAL_REAL	3	0.0354387580124	1.6799426565	5117435	5.48807385548
yWithMorphologySequentialStreamDropoutDev_BaselineLanguage_Fast_SaveLast_NoFinePOS.py	Slovak	Slovak	REAL_REAL	4	0.0296522770434	1.6799426565	5117435	5.48807385548
yWithMorphologySequentialStreamDropoutDev_BaselineLanguage_Fast_SaveLast_NoFinePOS.py	Slovak	Slovak	REAL_REAL	5	0.0152906976742	1.6799426565	5117435	5.48807385548
yWithMorphologySequentialStreamDropoutDev_BaselineLanguage_Fast_SaveLast_NoFinePOS.py	Slovak	Slovak	REAL_REAL	6	0.0082962337422	1.6799426565	5117435	5.48807385548
yWithMorphologySequentialStreamDropoutDev_BaselineLanguage_Fast_SaveLast_NoFinePOS.py	Slovak	Slovak	REAL_REAL	7	0.00480055539575	1.6799426565	5117435	5.48807385548
yWithMorphologySequentialStreamDropoutDev_BaselineLanguage_Fast_SaveLast_NoFinePOS.py	Slovak	Slovak	REAL_REAL	8	0.0069764093177	1.6799426565	5117435	5.48807385548
yWithMorphologySequentialStreamDropoutDev_BaselineLanguage_Fast_SaveLast_NoFinePOS.py	Slovak	Slovak	REAL_REAL	9	0.00178807814644	1.6799426565	5117435	5.48807385548
yWithMorphologySequentialStreamDropoutDev_BaselineLanguage_Fast_SaveLast_NoFinePOS.py	Slovak	Slovak	REAL_REAL	10	0.00064364206301	1.6799426565	5117435	5.48807385548
yWithMorphologySequentialStreamDropoutDev_BaselineLanguage_Fast_SaveLast_NoFinePOS.py	Slovak	Slovak	REAL_REAL	11	0.000814421536171	1.6799426565	5117435	5.48807385548
yWithMorphologySequentialStreamDropoutDev_BaselineLanguage_Fast_SaveLast_NoFinePOS.py	Slovak	Slovak	REAL_REAL	12	0.000625069949725	1.6799426565	5117435	5.48807385548
yWithMorphologySequentialStreamDropoutDev_BaselineLanguage_Fast_SaveLast_NoFinePOS.py	Slovak	Slovak	REAL_REAL	13	0.000613535185383	1.6799426565	5117435	5.48807385548
yWithMorphologySequentialStreamDropoutDev_BaselineLanguage_Fast_SaveLast_NoFinePOS.py	Slovak	Slovak	REAL_REAL	14	0	1.6799426565	5117435	5.48807385548
yWithMorphologySequentialStreamDropoutDev_BaselineLanguage_Fast_SaveLast_NoFinePOS.py	Slovak	Slovak	REAL_REAL	15	0	1.6799426565	5117435	5.48807385548
yWithMorphologySequentialStreamDropoutDev_BaselineLanguage_Fast_SaveLast_NoFinePOS.py	Slovak	Slovak	REAL_REAL	16	0.000417936950514	1.6799426565	5117435	5.48807385548
yWithMorphologySequentialStreamDropoutDev_BaselineLanguage_Fast_SaveLast_NoFinePOS.py	Slovak	Slovak	REAL_REAL	17	0	1.6799426565	5117435	5.48807385548
yWithMorphologySequentialStreamDropoutDev_BaselineLanguage_Fast_SaveLast_NoFinePOS.py	Slovak	Slovak	REAL_REAL	18	0	1.6799426565	5117435	5.48807385548
yWithMorphologySequentialStreamDropoutDev_BaselineLanguage_Fast_SaveLast_NoFinePOS.py	Slovak	Slovak	REAL_REAL	19	0.00053706797835	1.6799426565	5117435	5.48807385548
yWithMorphologySequentialStreamDropoutDev_BaselineLanguage_Fast_SaveLast_NoFinePOS.py	Slovak	Slovak	REAL_REAL	1	1.38868658498	1.65619335187	458958	5.46677885737
yWithMorphologySequentialStreamDropoutDev_BaselineLanguage_Fast_SaveLast_NoFinePOS.py	Slovak	Slovak	REAL_REAL	2	0.16198138513	1.65619335187	458958	5.46677885737
yWithMorphologySequentialStreamDropoutDev_BaselineLanguage_Fast_SaveLast_NoFinePOS.py	Slovak	Slovak	REAL_REAL	3	0.0400747760926	1.65619335187	458958	5.46677885737
yWithMorphologySequentialStreamDropoutDev_BaselineLanguage_Fast_SaveLast_NoFinePOS.py	Slovak	Slovak	REAL_REAL	4	0.0277997508033	1.65619335187	458958	5.46677885737
yWithMorphologySequentialStreamDropoutDev_BaselineLanguage_Fast_SaveLast_NoFinePOS.py	Slovak	Slovak	REAL_REAL	5	0.0150029229791	1.65619335187	458958	5.46677885737
yWithMorphologySequentialStreamDropoutDev_BaselineLanguage_Fast_SaveLast_NoFinePOS.py	Slovak	Slovak	REAL_REAL	6	0.010751148895	1.65619335187	458958	5.46677885737
yWithMorphologySequentialStreamDropoutDev_BaselineLanguage_Fast_SaveLast_NoFinePOS.py	Slovak	Slovak	REAL_REAL	7	0.00544332576125	1.65619335187	458958	5.46677885737
yWithMorphologySequentialStreamDropoutDev_BaselineLanguage_Fast_SaveLast_NoFinePOS.py	Slovak	Slovak	REAL_REAL	8	0.00444472734242	1.65619335187	458958	5.46677885737
yWithMorphologySequentialStreamDropoutDev_BaselineLanguage_Fast_SaveLast_NoFinePOS.py	Slovak	Slovak	REAL_REAL	9	0.00224795476215	1.65619335187	458958	5.46677885737
yWithMorphologySequentialStreamDropoutDev_BaselineLanguage_Fast_SaveLast_NoFinePOS.py	Slovak	Slovak	REAL_REAL	10	0.00023340346062	1.65619335187	458958	5.46677885737
yWithMorphologySequentialStreamDropoutDev_BaselineLanguage_Fast_SaveLast_NoFinePOS.py	Slovak	Slovak	REAL_REAL	11	0	1.65619335187	458958	5.46677885737
yWithMorphologySequentialStreamDropoutDev_BaselineLanguage_Fast_SaveLast_NoFinePOS.py	Slovak	Slovak	REAL_REAL	12	0	1.65619335187	458958	5.46677885737
yWithMorphologySequentialStreamDropoutDev_BaselineLanguage_Fast_SaveLast_NoFinePOS.py	Slovak	Slovak	REAL_REAL	13	0.000375148000782	1.65619335187	458958	5.46677885737
yWithMorphologySequentialStreamDropoutDev_BaselineLanguage_Fast_SaveLast_NoFinePOS.py	Slovak	Slovak	REAL_REAL	14	0.000490170064038	1.65619335187	458958	5.46677885737
yWithMorphologySequentialStreamDropoutDev_BaselineLanguage_Fast_SaveLast_NoFinePOS.py	Slovak	Slovak	REAL_REAL	15	0	1.65619335187	458958	5.46677885737
yWithMorphologySequentialStreamDropoutDev_BaselineLanguage_Fast_SaveLast_NoFinePOS.py	Slovak	Slovak	REAL_REAL	16	0	1.65619335187	458958	5.46677885737
yWithMorphologySequentialStreamDropoutDev_BaselineLanguage_Fast_SaveLast_NoFinePOS.py	Slovak	Slovak	REAL_REAL	17	0	1.65619335187	458958	5.46677885737
yWithMorphologySequentialStreamDropoutDev_BaselineLanguage_Fast_SaveLast_NoFinePOS.py	Slovak	Slovak	REAL_REAL	18	7.67246501083e-05	1.65619335187	458958	5.46677885737
yWithMorphologySequentialStreamDropoutDev_BaselineLanguage_Fast_SaveLast_NoFinePOS.py	Slovak	Slovak	REAL_REAL	19	5.477515802e-05	1.65619335187	458958	5.46677885737
yWithMorphologySequentialStreamDropoutDev_BaselineLanguage_Fast_SaveLast_NoFinePOS.py	Slovak	Slovak	REAL_REAL	1	1.43313858562	1.6930302793	5412037	5.48619421398
yWithMorphologySequentialStreamDropoutDev_BaselineLanguage_Fast_SaveLast_NoFinePOS.py	Slovak	Slovak	REAL_REAL	2	0.143004867598	1.6930302793	5412037	5.48619421398
yWithMorphologySequentialStreamDropoutDev_BaselineLanguage_Fast_SaveLast_NoFinePOS.py	Slovak	Slovak	REAL_REAL	3	0.0461094030779	1.6930302793	5412037	5.48619421398
yWithMorphologySequentialStreamDropoutDev_BaselineLanguage_Fast_SaveLast_NoFinePOS.py	Slovak	Slovak	REAL_REAL	4	0.0273129837154	1.6930302793	5412037	5.48619421398
yWithMorphologySequentialStreamDropoutDev_BaselineLanguage_Fast_SaveLast_NoFinePOS.py	Slovak	Slovak	REAL_REAL	5	0.0157595427477	1.6930302793	5412037	5.48619421398
yWithMorphologySequentialStreamDropoutDev_BaselineLanguage_Fast_SaveLast_NoFinePOS.py	Slovak	Slovak	REAL_REAL	6	0.0108843495585	1.6930302793	5412037	5.48619421398
yWithMorphologySequentialStreamDropoutDev_BaselineLanguage_Fast_SaveLast_NoFinePOS.py	Slovak	Slovak	REAL_REAL	7	0.00642215556478	1.6930302793	5412037	5.48619421398
yWithMorphologySequentialStreamDropoutDev_BaselineLanguage_Fast_SaveLast_NoFinePOS.py	Slovak	Slovak	REAL_REAL	8	0.0066947350355	1.6930302793	5412037	5.48619421398
yWithMorphologySequentialStreamDropoutDev_BaselineLanguage_Fast_SaveLast_NoFinePOS.py	Slovak	Slovak	REAL_REAL	9	0.00224569974697	1.6930302793	5412037	5.48619421398
yWithMorphologySequentialStreamDropoutDev_BaselineLanguage_Fast_SaveLast_NoFinePOS.py	Slovak	Slovak	REAL_REAL	10	0.000404166644567	1.6930302793	5412037	5.48619421398
yWithMorphologySequentialStreamDropoutDev_BaselineLanguage_Fast_SaveLast_NoFinePOS.py	Slovak	Slovak	REAL_REAL	11	0	1.6930302793	5412037	5.48619421398
yWithMorphologySequentialStreamDropoutDev_BaselineLanguage_Fast_SaveLast_NoFinePOS.py	Slovak	Slovak	REAL_REAL	12	0	1.6930302793	5412037	5.48619421398
yWithMorphologySequentialStreamDropoutDev_BaselineLanguage_Fast_SaveLast_NoFinePOS.py	Slovak	Slovak	REAL_REAL	13	0.000814767692187	1.6930302793	5412037	5.48619421398
yWithMorphologySequentialStreamDropoutDev_BaselineLanguage_Fast_SaveLast_NoFinePOS.py	Slovak	Slovak	REAL_REAL	14	0.000693644399512	1.6930302793	5412037	5.48619421398
yWithMorphologySequentialStreamDropoutDev_BaselineLanguage_Fast_SaveLast_NoFinePOS.py	Slovak	Slovak	REAL_REAL	15	0.000194067375301	1.6930302793	5412037	5.48619421398
yWithMorphologySequentialStreamDropoutDev_BaselineLanguage_Fast_SaveLast_NoFinePOS.py	Slovak	Slovak	REAL_REAL	16	0.000320417750372	1.6930302793	5412037	5.48619421398
yWithMorphologySequentialStreamDropoutDev_BaselineLanguage_Fast_SaveLast_NoFinePOS.py	Slovak	Slovak	REAL_REAL	17	0	1.6930302793	5412037	5.48619421398
yWithMorphologySequentialStreamDropoutDev_BaselineLanguage_Fast_SaveLast_NoFinePOS.py	Slovak	Slovak	REAL_REAL	18	4.17001035116e-05	1.6930302793	5412037	5.48619421398
yWithMorphologySequentialStreamDropoutDev_BaselineLanguage_Fast_SaveLast_NoFinePOS.py	Slovak	Slovak	REAL_REAL	19	0.000124500018277	1.6930302793	5412037	5.48619421398
yWithMorphologySequentialStreamDropoutDev_BaselineLanguage_Fast_SaveLast_NoFinePOS.py	Slovak	Slovak	REAL_REAL	1	1.39092612038	1.6634152786	930012691	5.50052668064
yWithMorphologySequentialStreamDropoutDev_BaselineLanguage_Fast_SaveLast_NoFinePOS.py	Slovak	Slovak	REAL_REAL	2	0.160610221143	1.6634152786	930012691	5.50052668064
yWithMorphologySequentialStreamDropoutDev_BaselineLanguage_Fast_SaveLast_NoFinePOS.py	Slovak	Slovak	REAL_REAL	3	0.0408335355863	1.6634152786	930012691	5.50052668064
yWithMorphologySequentialStreamDropoutDev_BaselineLanguage_Fast_SaveLast_NoFinePOS.py	Slovak	Slovak	REAL_REAL	4	0.0288730116331	1.6634152786	930012691	5.50052668064
yWithMorphologySequentialStreamDropoutDev_BaselineLanguage_Fast_SaveLast_NoFinePOS.py	Slovak	Slovak	REAL_REAL	5	0.0143670626699	1.6634152786	930012691	5.50052668064
yWithMorphologySequentialStreamDropoutDev_BaselineLanguage_Fast_SaveLast_NoFinePOS.py	Slovak	Slovak	REAL_REAL	6	0.011355459935	1.6634152786	930012691	5.50052668064
yWithMorphologySequentialStreamDropoutDev_BaselineLanguage_Fast_SaveLast_NoFinePOS.py	Slovak	Slovak	REAL_REAL	7	0.00715162929607	1.6634152786	930012691	5.50052668064
yWithMorphologySequentialStreamDropoutDev_BaselineLanguage_Fast_SaveLast_NoFinePOS.py	Slovak	Slovak	REAL_REAL	8	0.00438754713699	1.6634152786	930012691	5.50052668064
yWithMorphologySequentialStreamDropoutDev_BaselineLanguage_Fast_SaveLast_NoFinePOS.py	Slovak	Slovak	REAL_REAL	9	0.00198507766201	1.6634152786	930012691	5.50052668064
yWithMorphologySequentialStreamDropoutDev_BaselineLanguage_Fast_SaveLast_NoFinePOS.py	Slovak	Slovak	REAL_REAL	10	0.000687904553871	1.6634152786	930012691	5.50052668064
yWithMorphologySequentialStreamDropoutDev_BaselineLanguage_Fast_SaveLast_NoFinePOS.py	Slovak	Slovak	REAL_REAL	11	0.000813127258052	1.6634152786	930012691	5.50052668064
yWithMorphologySequentialStreamDropoutDev_BaselineLanguage_Fast_SaveLast_NoFinePOS.py	Slovak	Slovak	REAL_REAL	12	0.00059354566548	1.6634152786	930012691	5.50052668064
yWithMorphologySequentialStreamDropoutDev_BaselineLanguage_Fast_SaveLast_NoFinePOS.py	Slovak	Slovak	REAL_REAL	13	0	1.6634152786	930012691	5.50052668064
yWithMorphologySequentialStreamDropoutDev_BaselineLanguage_Fast_SaveLast_NoFinePOS.py	Slovak	Slovak	REAL_REAL	14	1.22114403607e-05	1.6634152786	930012691	5.50052668064
yWithMorphologySequentialStreamDropoutDev_BaselineLanguage_Fast_SaveLast_NoFinePOS.py	Slovak	Slovak	REAL_REAL	15	0.000603336136635	1.6634152786	930012691	5.50052668064
yWithMorphologySequentialStreamDropoutDev_BaselineLanguage_Fast_SaveLast_NoFinePOS.py	Slovak	Slovak	REAL_REAL	16	0.000214530180578	1.6634152786	930012691	5.50052668064
yWithMorphologySequentialStreamDropoutDev_BaselineLanguage_Fast_SaveLast_NoFinePOS.py	Slovak	Slovak	REAL_REAL	17	0	1.6634152786	930012691	5.50052668064
yWithMorphologySequentialStreamDropoutDev_BaselineLanguage_Fast_SaveLast_NoFinePOS.py	Slovak	Slovak	REAL_REAL	18	1.85187140556e-05	1.6634152786	930012691	5.50052668064
yWithMorphologySequentialStreamDropoutDev_BaselineLanguage_Fast_SaveLast_NoFinePOS.py	Slovak	Slovak	REAL_REAL	19	0.000352093944811	1.6634152786	930012691	5.50052668064
yWithMorphologySequentialStreamDropoutDev_BaselineLanguage_Fast_SaveLast_NoFinePOS.py	Slovak	Slovak	REAL_REAL	1	1.39105325892	1.62850729546	3659194	5.48040177871
yWithMorphologySequentialStreamDropoutDev_BaselineLanguage_Fast_SaveLast_NoFinePOS.py	Slovak	Slovak	REAL_REAL	2	0.140693812174	1.62850729546	3659194	5.48040177871
yWithMorphologySequentialStreamDropoutDev_BaselineLanguage_Fast_SaveLast_NoFinePOS.py	Slovak	Slovak	REAL_REAL	3	0.0353870168532	1.62850729546	3659194	5.48040177871
yWithMorphologySequentialStreamDropoutDev_BaselineLanguage_Fast_SaveLast_NoFinePOS.py	Slovak	Slovak	REAL_REAL	4	0.0261903334154	1.62850729546	3659194	5.48040177871
yWithMorphologySequentialStreamDropoutDev_BaselineLanguage_Fast_SaveLast_NoFinePOS.py	Slovak	Slovak	REAL_REAL	5	0.0143166149724	1.62850729546	3659194	5.48040177871
yWithMorphologySequentialStreamDropoutDev_BaselineLanguage_Fast_SaveLast_NoFinePOS.py	Slovak	Slovak	REAL_REAL	6	0.00885739612253	1.62850729546	3659194	5.48040177871
yWithMorphologySequentialStreamDropoutDev_BaselineLanguage_Fast_SaveLast_NoFinePOS.py	Slovak	Slovak	REAL_REAL	7	0.00349367856979	1.62850729546	3659194	5.48040177871
yWithMorphologySequentialStreamDropoutDev_BaselineLanguage_Fast_SaveLast_NoFinePOS.py	Slovak	Slovak	REAL_REAL	8	0.00370149767562	1.62850729546	3659194	5.48040177871
yWithMorphologySequentialStreamDropoutDev_BaselineLanguage_Fast_SaveLast_NoFinePOS.py	Slovak	Slovak	REAL_REAL	9	0.000974610162108	1.62850729546	3659194	5.48040177871
yWithMorphologySequentialStreamDropoutDev_BaselineLanguage_Fast_SaveLast_NoFinePOS.py	Slovak	Slovak	REAL_REAL	10	0.00198370397907	1.62850729546	3659194	5.48040177871
yWithMorphologySequentialStreamDropoutDev_BaselineLanguage_Fast_SaveLast_NoFinePOS.py	Slovak	Slovak	REAL_REAL	11	0.000418688132338	1.62850729546	3659194	5.48040177871
yWithMorphologySequentialStreamDropoutDev_BaselineLanguage_Fast_SaveLast_NoFinePOS.py	Slovak	Slovak	REAL_REAL	12	0.000546957164595	1.62850729546	3659194	5.48040177871
yWithMorphologySequentialStreamDropoutDev_BaselineLanguage_Fast_SaveLast_NoFinePOS.py	Slovak	Slovak	REAL_REAL	13	0.000234499410407	1.62850729546	3659194	5.48040177871
yWithMorphologySequentialStreamDropoutDev_BaselineLanguage_Fast_SaveLast_NoFinePOS.py	Slovak	Slovak	REAL_REAL	14	0.000255332744285	1.62850729546	3659194	5.48040177871
yWithMorphologySequentialStreamDropoutDev_BaselineLanguage_Fast_SaveLast_NoFinePOS.py	Slovak	Slovak	REAL_REAL	15	0.000536149127842	1.62850729546	3659194	5.48040177871
yWithMorphologySequentialStreamDropoutDev_BaselineLanguage_Fast_SaveLast_NoFinePOS.py	Slovak	Slovak	REAL_REAL	16	0.000394079415766	1.62850729546	3659194	5.48040177871
yWithMorphologySequentialStreamDropoutDev_BaselineLanguage_Fast_SaveLast_NoFinePOS.py	Slovak	Slovak	REAL_REAL	17	4.70975898716e-05	1.62850729546	3659194	5.48040177871
yWithMorphologySequentialStreamDropoutDev_BaselineLanguage_Fast_SaveLast_NoFinePOS.py	Slovak	Slovak	REAL_REAL	18	5.22253856268e-05	1.62850729546	3659194	5.48040177871
yWithMorphologySequentialStreamDropoutDev_BaselineLanguage_Fast_SaveLast_NoFinePOS.py	Slovak	Slovak	REAL_REAL	19	0	1.62850729546	3659194	5.48040177871
yWithMorphologySequentialStreamDropoutDev_BaselineLanguage_Fast_SaveLast_NoFinePOS.py	Slovak	Slovak	REAL_REAL	1	1.42236677278	1.67796796119	2513973	5.4967519772
yWithMorphologySequentialStreamDropoutDev_BaselineLanguage_Fast_SaveLast_NoFinePOS.py	Slovak	Slovak	REAL_REAL	2	0.1541381542	1.67796796119	2513973	5.4967519772
yWithMorphologySequentialStreamDropoutDev_BaselineLanguage_Fast_SaveLast_NoFinePOS.py	Slovak	Slovak	REAL_REAL	3	0.0401064880498	1.67796796119	2513973	5.4967519772
yWithMorphologySequentialStreamDropoutDev_BaselineLanguage_Fast_SaveLast_NoFinePOS.py	Slovak	Slovak	REAL_REAL	4	0.0298352925337	1.67796796119	2513973	5.4967519772
yWithMorphologySequentialStreamDropoutDev_BaselineLanguage_Fast_SaveLast_NoFinePOS.py	Slovak	Slovak	REAL_REAL	5	0.012017440061	1.67796796119	2513973	5.4967519772
yWithMorphologySequentialStreamDropoutDev_BaselineLanguage_Fast_SaveLast_NoFinePOS.py	Slovak	Slovak	REAL_REAL	6	0.00813899856724	1.67796796119	2513973	5.4967519772
yWithMorphologySequentialStreamDropoutDev_BaselineLanguage_Fast_SaveLast_NoFinePOS.py	Slovak	Slovak	REAL_REAL	7	0.0046560668782	1.67796796119	2513973	5.4967519772
yWithMorphologySequentialStreamDropoutDev_BaselineLanguage_Fast_SaveLast_NoFinePOS.py	Slovak	Slovak	REAL_REAL	8	0.00497465705218	1.67796796119	2513973	5.4967519772
yWithMorphologySequentialStreamDropoutDev_BaselineLanguage_Fast_SaveLast_NoFinePOS.py	Slovak	Slovak	REAL_REAL	9	0.00126324900209	1.67796796119	2513973	5.4967519772
yWithMorphologySequentialStreamDropoutDev_BaselineLanguage_Fast_SaveLast_NoFinePOS.py	Slovak	Slovak	REAL_REAL	10	0	1.67796796119	2513973	5.4967519772
yWithMorphologySequentialStreamDropoutDev_BaselineLanguage_Fast_SaveLast_NoFinePOS.py	Slovak	Slovak	REAL_REAL	11	8.8764992479e-05	1.67796796119	2513973	5.4967519772
yWithMorphologySequentialStreamDropoutDev_BaselineLanguage_Fast_SaveLast_NoFinePOS.py	Slovak	Slovak	REAL_REAL	12	0.000222967952898	1.67796796119	2513973	5.4967519772
yWithMorphologySequentialStreamDropoutDev_BaselineLanguage_Fast_SaveLast_NoFinePOS.py	Slovak	Slovak	REAL_REAL	13	2.85870408359e-05	1.67796796119	2513973	5.4967519772
yWithMorphologySequentialStreamDropoutDev_BaselineLanguage_Fast_SaveLast_NoFinePOS.py	Slovak	Slovak	REAL_REAL	14	0	1.67796796119	2513973	5.4967519772
yWithMorphologySequentialStreamDropoutDev_BaselineLanguage_Fast_SaveLast_NoFinePOS.py	Slovak	Slovak	REAL_REAL	15	0.000967233924016	1.67796796119	2513973	5.4967519772
yWithMorphologySequentialStreamDropoutDev_BaselineLanguage_Fast_SaveLast_NoFinePOS.py	Slovak	Slovak	REAL_REAL	16	0.00014880034205	1.67796796119	2513973	5.4967519772
yWithMorphologySequentialStreamDropoutDev_BaselineLanguage_Fast_SaveLast_NoFinePOS.py	Slovak	Slovak	REAL_REAL	17	0	1.67796796119	2513973	5.4967519772
yWithMorphologySequentialStreamDropoutDev_BaselineLanguage_Fast_SaveLast_NoFinePOS.py	Slovak	Slovak	REAL_REAL	18	0	1.67796796119	2513973	5.4967519772
yWithMorphologySequentialStreamDropoutDev_BaselineLanguage_Fast_SaveLast_NoFinePOS.py	Slovak	Slovak	REAL_REAL	19	0	1.67796796119	2513973	5.4967519772
yWithMorphologySequentialStreamDropoutDev_BaselineLanguage_Fast_SaveLast_NoFinePOS.py	Slovak	Slovak	REAL_REAL	1	1.42988719899	1.66086369398	6714108	5.48208808576
yWithMorphologySequentialStreamDropoutDev_BaselineLanguage_Fast_SaveLast_NoFinePOS.py	Slovak	Slovak	REAL_REAL	2	0.153741628666	1.66086369398	6714108	5.48208808576
yWithMorphologySequentialStreamDropoutDev_BaselineLanguage_Fast_SaveLast_NoFinePOS.py	Slovak	Slovak	REAL_REAL	3	0.0297055291803	1.66086369398	6714108	5.48208808576
yWithMorphologySequentialStreamDropoutDev_BaselineLanguage_Fast_SaveLast_NoFinePOS.py	Slovak	Slovak	REAL_REAL	4	0.0185492589866	1.66086369398	6714108	5.48208808576
yWithMorphologySequentialStreamDropoutDev_BaselineLanguage_Fast_SaveLast_NoFinePOS.py	Slovak	Slovak	REAL_REAL	5	0.0136245646705	1.66086369398	6714108	5.48208808576
yWithMorphologySequentialStreamDropoutDev_BaselineLanguage_Fast_SaveLast_NoFinePOS.py	Slovak	Slovak	REAL_REAL	6	0.00631648195933	1.66086369398	6714108	5.48208808576
yWithMorphologySequentialStreamDropoutDev_BaselineLanguage_Fast_SaveLast_NoFinePOS.py	Slovak	Slovak	REAL_REAL	7	0.00290406987275	1.66086369398	6714108	5.48208808576
yWithMorphologySequentialStreamDropoutDev_BaselineLanguage_Fast_SaveLast_NoFinePOS.py	Slovak	Slovak	REAL_REAL	8	0.00470003800033	1.66086369398	6714108	5.48208808576
yWithMorphologySequentialStreamDropoutDev_BaselineLanguage_Fast_SaveLast_NoFinePOS.py	Slovak	Slovak	REAL_REAL	9	0	1.66086369398	6714108	5.48208808576
yWithMorphologySequentialStreamDropoutDev_BaselineLanguage_Fast_SaveLast_NoFinePOS.py	Slovak	Slovak	REAL_REAL	10	0.00106746452312	1.66086369398	6714108	5.48208808576
yWithMorphologySequentialStreamDropoutDev_BaselineLanguage_Fast_SaveLast_NoFinePOS.py	Slovak	Slovak	REAL_REAL	11	0.000369326423292	1.66086369398	6714108	5.48208808576
yWithMorphologySequentialStreamDropoutDev_BaselineLanguage_Fast_SaveLast_NoFinePOS.py	Slovak	Slovak	REAL_REAL	12	0.000490595175795	1.66086369398	6714108	5.48208808576
yWithMorphologySequentialStreamDropoutDev_BaselineLanguage_Fast_SaveLast_NoFinePOS.py	Slovak	Slovak	REAL_REAL	13	0	1.66086369398	6714108	5.48208808576
yWithMorphologySequentialStreamDropoutDev_BaselineLanguage_Fast_SaveLast_NoFinePOS.py	Slovak	Slovak	REAL_REAL	14	0.000259988683544	1.66086369398	6714108	5.48208808576
yWithMorphologySequentialStreamDropoutDev_BaselineLanguage_Fast_SaveLast_NoFinePOS.py	Slovak	Slovak	REAL_REAL	15	0	1.66086369398	6714108	5.48208808576
yWithMorphologySequentialStreamDropoutDev_BaselineLanguage_Fast_SaveLast_NoFinePOS.py	Slovak	Slovak	REAL_REAL	16	0	1.66086369398	6714108	5.48208808576
yWithMorphologySequentialStreamDropoutDev_BaselineLanguage_Fast_SaveLast_NoFinePOS.py	Slovak	Slovak	REAL_REAL	17	0	1.66086369398	6714108	5.48208808576
yWithMorphologySequentialStreamDropoutDev_BaselineLanguage_Fast_SaveLast_NoFinePOS.py	Slovak	Slovak	REAL_REAL	18	0	1.66086369398	6714108	5.48208808576
yWithMorphologySequentialStreamDropoutDev_BaselineLanguage_Fast_SaveLast_NoFinePOS.py	Slovak	Slovak	REAL_REAL	19	0.000359548771218	1.66086369398	6714108	5.48208808576
yWithMorphologySequentialStreamDropoutDev_BaselineLanguage_Fast_SaveLast_NoFinePOS.py	Slovak	Slovak	REAL_REAL	1	1.41671403316	1.66406605493	2269502	5.48722513992
yWithMorphologySequentialStreamDropoutDev_BaselineLanguage_Fast_SaveLast_NoFinePOS.py	Slovak	Slovak	REAL_REAL	2	0.154971519847	1.66406605493	2269502	5.48722513992
yWithMorphologySequentialStreamDropoutDev_BaselineLanguage_Fast_SaveLast_NoFinePOS.py	Slovak	Slovak	REAL_REAL	3	0.0346047672099	1.66406605493	2269502	5.48722513992
yWithMorphologySequentialStreamDropoutDev_BaselineLanguage_Fast_SaveLast_NoFinePOS.py	Slovak	Slovak	REAL_REAL	4	0.0233482095477	1.66406605493	2269502	5.48722513992
yWithMorphologySequentialStreamDropoutDev_BaselineLanguage_Fast_SaveLast_NoFinePOS.py	Slovak	Slovak	REAL_REAL	5	0.0156695049919	1.66406605493	2269502	5.48722513992
yWithMorphologySequentialStreamDropoutDev_BaselineLanguage_Fast_SaveLast_NoFinePOS.py	Slovak	Slovak	REAL_REAL	6	0.00793053675188	1.66406605493	2269502	5.48722513992
yWithMorphologySequentialStreamDropoutDev_BaselineLanguage_Fast_SaveLast_NoFinePOS.py	Slovak	Slovak	REAL_REAL	7	0.00430969387701	1.66406605493	2269502	5.48722513992
yWithMorphologySequentialStreamDropoutDev_BaselineLanguage_Fast_SaveLast_NoFinePOS.py	Slovak	Slovak	REAL_REAL	8	0.00370939684241	1.66406605493	2269502	5.48722513992
yWithMorphologySequentialStreamDropoutDev_BaselineLanguage_Fast_SaveLast_NoFinePOS.py	Slovak	Slovak	REAL_REAL	9	0.000872356066965	1.66406605493	2269502	5.48722513992
yWithMorphologySequentialStreamDropoutDev_BaselineLanguage_Fast_SaveLast_NoFinePOS.py	Slovak	Slovak	REAL_REAL	10	0.000801245194592	1.66406605493	2269502	5.48722513992
yWithMorphologySequentialStreamDropoutDev_BaselineLanguage_Fast_SaveLast_NoFinePOS.py	Slovak	Slovak	REAL_REAL	11	0.000143216448287	1.66406605493	2269502	5.48722513992
yWithMorphologySequentialStreamDropoutDev_BaselineLanguage_Fast_SaveLast_NoFinePOS.py	Slovak	Slovak	REAL_REAL	12	0.000565532339762	1.66406605493	2269502	5.48722513992
yWithMorphologySequentialStreamDropoutDev_BaselineLanguage_Fast_SaveLast_NoFinePOS.py	Slovak	Slovak	REAL_REAL	13	0.000596961460702	1.66406605493	2269502	5.48722513992
yWithMorphologySequentialStreamDropoutDev_BaselineLanguage_Fast_SaveLast_NoFinePOS.py	Slovak	Slovak	REAL_REAL	14	0.000321338111407	1.66406605493	2269502	5.48722513992
yWithMorphologySequentialStreamDropoutDev_BaselineLanguage_Fast_SaveLast_NoFinePOS.py	Slovak	Slovak	REAL_REAL	15	0	1.66406605493	2269502	5.48722513992
yWithMorphologySequentialStreamDropoutDev_BaselineLanguage_Fast_SaveLast_NoFinePOS.py	Slovak	Slovak	REAL_REAL	16	5.51087807299e-05	1.66406605493	2269502	5.48722513992
yWithMorphologySequentialStreamDropoutDev_BaselineLanguage_Fast_SaveLast_NoFinePOS.py	Slovak	Slovak	REAL_REAL	17	0.000159385882012	1.66406605493	2269502	5.48722513992
yWithMorphologySequentialStreamDropoutDev_BaselineLanguage_Fast_SaveLast_NoFinePOS.py	Slovak	Slovak	REAL_REAL	18	0	1.66406605493	2269502	5.48722513992
yWithMorphologySequentialStreamDropoutDev_BaselineLanguage_Fast_SaveLast_NoFinePOS.py	Slovak	Slovak	REAL_REAL	19	0	1.66406605493	2269502	5.48722513992
yWithMorphologySequentialStreamDropoutDev_BaselineLanguage_Fast_SaveLast_NoFinePOS.py	Slovak	Slovak	REAL_REAL	1	1.39023534137	1.63741346394	5790168	5.47671391882
yWithMorphologySequentialStreamDropoutDev_BaselineLanguage_Fast_SaveLast_NoFinePOS.py	Slovak	Slovak	REAL_REAL	2	0.144088406881	1.63741346394	5790168	5.47671391882
yWithMorphologySequentialStreamDropoutDev_BaselineLanguage_Fast_SaveLast_NoFinePOS.py	Slovak	Slovak	REAL_REAL	3	0.0392929872013	1.63741346394	5790168	5.47671391882
yWithMorphologySequentialStreamDropoutDev_BaselineLanguage_Fast_SaveLast_NoFinePOS.py	Slovak	Slovak	REAL_REAL	4	0.0272152695346	1.63741346394	5790168	5.47671391882
yWithMorphologySequentialStreamDropoutDev_BaselineLanguage_Fast_SaveLast_NoFinePOS.py	Slovak	Slovak	REAL_REAL	5	0.0163557949948	1.63741346394	5790168	5.47671391882
yWithMorphologySequentialStreamDropoutDev_BaselineLanguage_Fast_SaveLast_NoFinePOS.py	Slovak	Slovak	REAL_REAL	6	0.00774486791598	1.63741346394	5790168	5.47671391882
yWithMorphologySequentialStreamDropoutDev_BaselineLanguage_Fast_SaveLast_NoFinePOS.py	Slovak	Slovak	REAL_REAL	7	0.00491667353127	1.63741346394	5790168	5.47671391882
yWithMorphologySequentialStreamDropoutDev_BaselineLanguage_Fast_SaveLast_NoFinePOS.py	Slovak	Slovak	REAL_REAL	8	0.00429787378605	1.63741346394	5790168	5.47671391882
yWithMorphologySequentialStreamDropoutDev_BaselineLanguage_Fast_SaveLast_NoFinePOS.py	Slovak	Slovak	REAL_REAL	9	0.0011683868627	1.63741346394	5790168	5.47671391882
yWithMorphologySequentialStreamDropoutDev_BaselineLanguage_Fast_SaveLast_NoFinePOS.py	Slovak	Slovak	REAL_REAL	10	0.000448139522173	1.63741346394	5790168	5.47671391882
yWithMorphologySequentialStreamDropoutDev_BaselineLanguage_Fast_SaveLast_NoFinePOS.py	Slovak	Slovak	REAL_REAL	11	2.38155257213e-05	1.63741346394	5790168	5.47671391882
yWithMorphologySequentialStreamDropoutDev_BaselineLanguage_Fast_SaveLast_NoFinePOS.py	Slovak	Slovak	REAL_REAL	12	0	1.63741346394	5790168	5.47671391882
yWithMorphologySequentialStreamDropoutDev_BaselineLanguage_Fast_SaveLast_NoFinePOS.py	Slovak	Slovak	REAL_REAL	13	0.000917767253641	1.63741346394	5790168	5.47671391882
yWithMorphologySequentialStreamDropoutDev_BaselineLanguage_Fast_SaveLast_NoFinePOS.py	Slovak	Slovak	REAL_REAL	14	0.000232724171795	1.63741346394	5790168	5.47671391882
yWithMorphologySequentialStreamDropoutDev_BaselineLanguage_Fast_SaveLast_NoFinePOS.py	Slovak	Slovak	REAL_REAL	15	0	1.63741346394	5790168	5.47671391882
yWithMorphologySequentialStreamDropoutDev_BaselineLanguage_Fast_SaveLast_NoFinePOS.py	Slovak	Slovak	REAL_REAL	16	0.00102139229644	1.63741346394	5790168	5.47671391882
yWithMorphologySequentialStreamDropoutDev_BaselineLanguage_Fast_SaveLast_NoFinePOS.py	Slovak	Slovak	REAL_REAL	17	0	1.63741346394	5790168	5.47671391882
yWithMorphologySequentialStreamDropoutDev_BaselineLanguage_Fast_SaveLast_NoFinePOS.py	Slovak	Slovak	REAL_REAL	18	0.000275046490643	1.63741346394	5790168	5.47671391882
yWithMorphologySequentialStreamDropoutDev_BaselineLanguage_Fast_SaveLast_NoFinePOS.py	Slovak	Slovak	REAL_REAL	19	0	1.63741346394	5790168	5.47671391882
yWithMorphologySequentialStreamDropoutDev_BaselineLanguage_Fast_SaveLast_NoFinePOS.py	Slovak	Slovak	REAL_REAL	1	1.42978017963	1.67532094162	3008385	5.50676554397
yWithMorphologySequentialStreamDropoutDev_BaselineLanguage_Fast_SaveLast_NoFinePOS.py	Slovak	Slovak	REAL_REAL	2	0.149308067111	1.67532094162	3008385	5.50676554397
yWithMorphologySequentialStreamDropoutDev_BaselineLanguage_Fast_SaveLast_NoFinePOS.py	Slovak	Slovak	REAL_REAL	3	0.0363390678004	1.67532094162	3008385	5.50676554397
yWithMorphologySequentialStreamDropoutDev_BaselineLanguage_Fast_SaveLast_NoFinePOS.py	Slovak	Slovak	REAL_REAL	4	0.0260707488615	1.67532094162	3008385	5.50676554397
yWithMorphologySequentialStreamDropoutDev_BaselineLanguage_Fast_SaveLast_NoFinePOS.py	Slovak	Slovak	REAL_REAL	5	0.0122581074499	1.67532094162	3008385	5.50676554397
yWithMorphologySequentialStreamDropoutDev_BaselineLanguage_Fast_SaveLast_NoFinePOS.py	Slovak	Slovak	REAL_REAL	6	0.00816416042308	1.67532094162	3008385	5.50676554397
yWithMorphologySequentialStreamDropoutDev_BaselineLanguage_Fast_SaveLast_NoFinePOS.py	Slovak	Slovak	REAL_REAL	7	0.00578588435095	1.67532094162	3008385	5.50676554397
yWithMorphologySequentialStreamDropoutDev_BaselineLanguage_Fast_SaveLast_NoFinePOS.py	Slovak	Slovak	REAL_REAL	8	0.00458877752089	1.67532094162	3008385	5.50676554397
yWithMorphologySequentialStreamDropoutDev_BaselineLanguage_Fast_SaveLast_NoFinePOS.py	Slovak	Slovak	REAL_REAL	9	0.00214725132674	1.67532094162	3008385	5.50676554397
yWithMorphologySequentialStreamDropoutDev_BaselineLanguage_Fast_SaveLast_NoFinePOS.py	Slovak	Slovak	REAL_REAL	10	0.000417602633777	1.67532094162	3008385	5.50676554397
yWithMorphologySequentialStreamDropoutDev_BaselineLanguage_Fast_SaveLast_NoFinePOS.py	Slovak	Slovak	REAL_REAL	11	0.00146340397123	1.67532094162	3008385	5.50676554397
yWithMorphologySequentialStreamDropoutDev_BaselineLanguage_Fast_SaveLast_NoFinePOS.py	Slovak	Slovak	REAL_REAL	12	0	1.67532094162	3008385	5.50676554397
yWithMorphologySequentialStreamDropoutDev_BaselineLanguage_Fast_SaveLast_NoFinePOS.py	Slovak	Slovak	REAL_REAL	13	0.000511704119917	1.67532094162	3008385	5.50676554397
yWithMorphologySequentialStreamDropoutDev_BaselineLanguage_Fast_SaveLast_NoFinePOS.py	Slovak	Slovak	REAL_REAL	14	0.000493038068079	1.67532094162	3008385	5.50676554397
yWithMorphologySequentialStreamDropoutDev_BaselineLanguage_Fast_SaveLast_NoFinePOS.py	Slovak	Slovak	REAL_REAL	15	7.07873742876e-05	1.67532094162	3008385	5.50676554397
yWithMorphologySequentialStreamDropoutDev_BaselineLanguage_Fast_SaveLast_NoFinePOS.py	Slovak	Slovak	REAL_REAL	16	0	1.67532094162	3008385	5.50676554397
yWithMorphologySequentialStreamDropoutDev_BaselineLanguage_Fast_SaveLast_NoFinePOS.py	Slovak	Slovak	REAL_REAL	17	0	1.67532094162	3008385	5.50676554397
yWithMorphologySequentialStreamDropoutDev_BaselineLanguage_Fast_SaveLast_NoFinePOS.py	Slovak	Slovak	REAL_REAL	18	0.000585484014799	1.67532094162	3008385	5.50676554397
yWithMorphologySequentialStreamDropoutDev_BaselineLanguage_Fast_SaveLast_NoFinePOS.py	Slovak	Slovak	REAL_REAL	19	0	1.67532094162	3008385	5.50676554397
yWithMorphologySequentialStreamDropoutDev_BaselineLanguage_Fast_SaveLast_NoFinePOS.py	Slovak	Slovak	REAL_REAL	1	1.38274897157	1.6256032898	294088964	5.47130159617
yWithMorphologySequentialStreamDropoutDev_BaselineLanguage_Fast_SaveLast_NoFinePOS.py	Slovak	Slovak	REAL_REAL	2	0.150620496804	1.6256032898	294088964	5.47130159617
yWithMorphologySequentialStreamDropoutDev_BaselineLanguage_Fast_SaveLast_NoFinePOS.py	Slovak	Slovak	REAL_REAL	3	0.0372745373069	1.6256032898	294088964	5.47130159617
yWithMorphologySequentialStreamDropoutDev_BaselineLanguage_Fast_SaveLast_NoFinePOS.py	Slovak	Slovak	REAL_REAL	4	0.0239735375937	1.6256032898	294088964	5.47130159617
yWithMorphologySequentialStreamDropoutDev_BaselineLanguage_Fast_SaveLast_NoFinePOS.py	Slovak	Slovak	REAL_REAL	5	0.0125416727099	1.6256032898	294088964	5.47130159617
yWithMorphologySequentialStreamDropoutDev_BaselineLanguage_Fast_SaveLast_NoFinePOS.py	Slovak	Slovak	REAL_REAL	6	0.00705045228952	1.6256032898	294088964	5.47130159617
yWithMorphologySequentialStreamDropoutDev_BaselineLanguage_Fast_SaveLast_NoFinePOS.py	Slovak	Slovak	REAL_REAL	7	0.00421069011296	1.6256032898	294088964	5.47130159617
yWithMorphologySequentialStreamDropoutDev_BaselineLanguage_Fast_SaveLast_NoFinePOS.py	Slovak	Slovak	REAL_REAL	8	0.00364992042927	1.6256032898	294088964	5.47130159617
yWithMorphologySequentialStreamDropoutDev_BaselineLanguage_Fast_SaveLast_NoFinePOS.py	Slovak	Slovak	REAL_REAL	9	0.00174185098851	1.6256032898	294088964	5.47130159617
yWithMorphologySequentialStreamDropoutDev_BaselineLanguage_Fast_SaveLast_NoFinePOS.py	Slovak	Slovak	REAL_REAL	10	0.000506850954605	1.6256032898	294088964	5.47130159617
yWithMorphologySequentialStreamDropoutDev_BaselineLanguage_Fast_SaveLast_NoFinePOS.py	Slovak	Slovak	REAL_REAL	11	0.000580441421025	1.6256032898	294088964	5.47130159617
yWithMorphologySequentialStreamDropoutDev_BaselineLanguage_Fast_SaveLast_NoFinePOS.py	Slovak	Slovak	REAL_REAL	12	0.000588958883939	1.6256032898	294088964	5.47130159617
yWithMorphologySequentialStreamDropoutDev_BaselineLanguage_Fast_SaveLast_NoFinePOS.py	Slovak	Slovak	REAL_REAL	13	0.000592030033673	1.6256032898	294088964	5.47130159617
yWithMorphologySequentialStreamDropoutDev_BaselineLanguage_Fast_SaveLast_NoFinePOS.py	Slovak	Slovak	REAL_REAL	14	0.000234727296111	1.6256032898	294088964	5.47130159617
yWithMorphologySequentialStreamDropoutDev_BaselineLanguage_Fast_SaveLast_NoFinePOS.py	Slovak	Slovak	REAL_REAL	15	0.000255337520822	1.6256032898	294088964	5.47130159617
yWithMorphologySequentialStreamDropoutDev_BaselineLanguage_Fast_SaveLast_NoFinePOS.py	Slovak	Slovak	REAL_REAL	16	0.000150530346452	1.6256032898	294088964	5.47130159617
yWithMorphologySequentialStreamDropoutDev_BaselineLanguage_Fast_SaveLast_NoFinePOS.py	Slovak	Slovak	REAL_REAL	17	0	1.6256032898	294088964	5.47130159617
yWithMorphologySequentialStreamDropoutDev_BaselineLanguage_Fast_SaveLast_NoFinePOS.py	Slovak	Slovak	REAL_REAL	18	0	1.6256032898	294088964	5.47130159617
yWithMorphologySequentialStreamDropoutDev_BaselineLanguage_Fast_SaveLast_NoFinePOS.py	Slovak	Slovak	REAL_REAL	19	0	1.6256032898	294088964	5.47130159617
yWithMorphologySequentialStreamDropoutDev_BaselineLanguage_Fast_SaveLast_NoFinePOS.py	Slovak	Slovak	REAL_REAL	1	1.38631010892	1.61596635466	7262051	5.47852848013
yWithMorphologySequentialStreamDropoutDev_BaselineLanguage_Fast_SaveLast_NoFinePOS.py	Slovak	Slovak	REAL_REAL	2	0.150866954498	1.61596635466	7262051	5.47852848013
yWithMorphologySequentialStreamDropoutDev_BaselineLanguage_Fast_SaveLast_NoFinePOS.py	Slovak	Slovak	REAL_REAL	3	0.033210585052	1.61596635466	7262051	5.47852848013
yWithMorphologySequentialStreamDropoutDev_BaselineLanguage_Fast_SaveLast_NoFinePOS.py	Slovak	Slovak	REAL_REAL	4	0.0206828525622	1.61596635466	7262051	5.47852848013
yWithMorphologySequentialStreamDropoutDev_BaselineLanguage_Fast_SaveLast_NoFinePOS.py	Slovak	Slovak	REAL_REAL	5	0.0111186018545	1.61596635466	7262051	5.47852848013
yWithMorphologySequentialStreamDropoutDev_BaselineLanguage_Fast_SaveLast_NoFinePOS.py	Slovak	Slovak	REAL_REAL	6	0.00572418284743	1.61596635466	7262051	5.47852848013
yWithMorphologySequentialStreamDropoutDev_BaselineLanguage_Fast_SaveLast_NoFinePOS.py	Slovak	Slovak	REAL_REAL	7	0.00377779125351	1.61596635466	7262051	5.47852848013
yWithMorphologySequentialStreamDropoutDev_BaselineLanguage_Fast_SaveLast_NoFinePOS.py	Slovak	Slovak	REAL_REAL	8	0.00359371990374	1.61596635466	7262051	5.47852848013
yWithMorphologySequentialStreamDropoutDev_BaselineLanguage_Fast_SaveLast_NoFinePOS.py	Slovak	Slovak	REAL_REAL	9	0.000249470749946	1.61596635466	7262051	5.47852848013
yWithMorphologySequentialStreamDropoutDev_BaselineLanguage_Fast_SaveLast_NoFinePOS.py	Slovak	Slovak	REAL_REAL	10	0	1.61596635466	7262051	5.47852848013
yWithMorphologySequentialStreamDropoutDev_BaselineLanguage_Fast_SaveLast_NoFinePOS.py	Slovak	Slovak	REAL_REAL	11	0.000450185186243	1.61596635466	7262051	5.47852848013
yWithMorphologySequentialStreamDropoutDev_BaselineLanguage_Fast_SaveLast_NoFinePOS.py	Slovak	Slovak	REAL_REAL	12	0	1.61596635466	7262051	5.47852848013
yWithMorphologySequentialStreamDropoutDev_BaselineLanguage_Fast_SaveLast_NoFinePOS.py	Slovak	Slovak	REAL_REAL	13	0.000135068289221	1.61596635466	7262051	5.47852848013
yWithMorphologySequentialStreamDropoutDev_BaselineLanguage_Fast_SaveLast_NoFinePOS.py	Slovak	Slovak	REAL_REAL	14	0	1.61596635466	7262051	5.47852848013
yWithMorphologySequentialStreamDropoutDev_BaselineLanguage_Fast_SaveLast_NoFinePOS.py	Slovak	Slovak	REAL_REAL	15	0	1.61596635466	7262051	5.47852848013
yWithMorphologySequentialStreamDropoutDev_BaselineLanguage_Fast_SaveLast_NoFinePOS.py	Slovak	Slovak	REAL_REAL	16	0	1.61596635466	7262051	5.47852848013
yWithMorphologySequentialStreamDropoutDev_BaselineLanguage_Fast_SaveLast_NoFinePOS.py	Slovak	Slovak	REAL_REAL	17	0.000607959987366	1.61596635466	7262051	5.47852848013
yWithMorphologySequentialStreamDropoutDev_BaselineLanguage_Fast_SaveLast_NoFinePOS.py	Slovak	Slovak	REAL_REAL	18	9.551129929e-05	1.61596635466	7262051	5.47852848013
yWithMorphologySequentialStreamDropoutDev_BaselineLanguage_Fast_SaveLast_NoFinePOS.py	Slovak	Slovak	REAL_REAL	19	0.00032261944797	1.61596635466	7262051	5.47852848013
yWithMorphologySequentialStreamDropoutDev_BaselineLanguage_Fast_SaveLast_NoFinePOS.py	Slovak	Slovak	REAL_REAL	1	1.39499418797	1.63151130742	3416032	5.47067622342
yWithMorphologySequentialStreamDropoutDev_BaselineLanguage_Fast_SaveLast_NoFinePOS.py	Slovak	Slovak	REAL_REAL	2	0.140354160168	1.63151130742	3416032	5.47067622342
yWithMorphologySequentialStreamDropoutDev_BaselineLanguage_Fast_SaveLast_NoFinePOS.py	Slovak	Slovak	REAL_REAL	3	0.0351374025622	1.63151130742	3416032	5.47067622342
yWithMorphologySequentialStreamDropoutDev_BaselineLanguage_Fast_SaveLast_NoFinePOS.py	Slovak	Slovak	REAL_REAL	4	0.0271680629825	1.63151130742	3416032	5.47067622342
yWithMorphologySequentialStreamDropoutDev_BaselineLanguage_Fast_SaveLast_NoFinePOS.py	Slovak	Slovak	REAL_REAL	5	0.0147919020424	1.63151130742	3416032	5.47067622342
yWithMorphologySequentialStreamDropoutDev_BaselineLanguage_Fast_SaveLast_NoFinePOS.py	Slovak	Slovak	REAL_REAL	6	0.00619768479915	1.63151130742	3416032	5.47067622342
yWithMorphologySequentialStreamDropoutDev_BaselineLanguage_Fast_SaveLast_NoFinePOS.py	Slovak	Slovak	REAL_REAL	7	0.00641135418252	1.63151130742	3416032	5.47067622342
yWithMorphologySequentialStreamDropoutDev_BaselineLanguage_Fast_SaveLast_NoFinePOS.py	Slovak	Slovak	REAL_REAL	8	0.00379680533932	1.63151130742	3416032	5.47067622342
yWithMorphologySequentialStreamDropoutDev_BaselineLanguage_Fast_SaveLast_NoFinePOS.py	Slovak	Slovak	REAL_REAL	9	0.0014246800991	1.63151130742	3416032	5.47067622342
yWithMorphologySequentialStreamDropoutDev_BaselineLanguage_Fast_SaveLast_NoFinePOS.py	Slovak	Slovak	REAL_REAL	10	0.00103985887684	1.63151130742	3416032	5.47067622342
yWithMorphologySequentialStreamDropoutDev_BaselineLanguage_Fast_SaveLast_NoFinePOS.py	Slovak	Slovak	REAL_REAL	11	0.000857816901926	1.63151130742	3416032	5.47067622342
yWithMorphologySequentialStreamDropoutDev_BaselineLanguage_Fast_SaveLast_NoFinePOS.py	Slovak	Slovak	REAL_REAL	12	0.000479798039345	1.63151130742	3416032	5.47067622342
yWithMorphologySequentialStreamDropoutDev_BaselineLanguage_Fast_SaveLast_NoFinePOS.py	Slovak	Slovak	REAL_REAL	13	0	1.63151130742	3416032	5.47067622342
yWithMorphologySequentialStreamDropoutDev_BaselineLanguage_Fast_SaveLast_NoFinePOS.py	Slovak	Slovak	REAL_REAL	14	0	1.63151130742	3416032	5.47067622342
yWithMorphologySequentialStreamDropoutDev_BaselineLanguage_Fast_SaveLast_NoFinePOS.py	Slovak	Slovak	REAL_REAL	15	0	1.63151130742	3416032	5.47067622342
yWithMorphologySequentialStreamDropoutDev_BaselineLanguage_Fast_SaveLast_NoFinePOS.py	Slovak	Slovak	REAL_REAL	16	0	1.63151130742	3416032	5.47067622342
yWithMorphologySequentialStreamDropoutDev_BaselineLanguage_Fast_SaveLast_NoFinePOS.py	Slovak	Slovak	REAL_REAL	17	0	1.63151130742	3416032	5.47067622342
yWithMorphologySequentialStreamDropoutDev_BaselineLanguage_Fast_SaveLast_NoFinePOS.py	Slovak	Slovak	REAL_REAL	18	0.000208444178921	1.63151130742	3416032	5.47067622342
yWithMorphologySequentialStreamDropoutDev_BaselineLanguage_Fast_SaveLast_NoFinePOS.py	Slovak	Slovak	REAL_REAL	19	0.000128114631731	1.63151130742	3416032	5.47067622342
yWithMorphologySequentialStreamDropoutDev_BaselineLanguage_Fast_SaveLast_NoFinePOS.py	Slovak	Slovak	REAL_REAL	1	1.42582479626	1.67632636207	263247	5.50795464508
yWithMorphologySequentialStreamDropoutDev_BaselineLanguage_Fast_SaveLast_NoFinePOS.py	Slovak	Slovak	REAL_REAL	2	0.150249275606	1.67632636207	263247	5.50795464508
yWithMorphologySequentialStreamDropoutDev_BaselineLanguage_Fast_SaveLast_NoFinePOS.py	Slovak	Slovak	REAL_REAL	3	0.0405682972849	1.67632636207	263247	5.50795464508
yWithMorphologySequentialStreamDropoutDev_BaselineLanguage_Fast_SaveLast_NoFinePOS.py	Slovak	Slovak	REAL_REAL	4	0.0244928495933	1.67632636207	263247	5.50795464508
yWithMorphologySequentialStreamDropoutDev_BaselineLanguage_Fast_SaveLast_NoFinePOS.py	Slovak	Slovak	REAL_REAL	5	0.0147826335202	1.67632636207	263247	5.50795464508
yWithMorphologySequentialStreamDropoutDev_BaselineLanguage_Fast_SaveLast_NoFinePOS.py	Slovak	Slovak	REAL_REAL	6	0.00947228069991	1.67632636207	263247	5.50795464508
yWithMorphologySequentialStreamDropoutDev_BaselineLanguage_Fast_SaveLast_NoFinePOS.py	Slovak	Slovak	REAL_REAL	7	0.00559885640667	1.67632636207	263247	5.50795464508
yWithMorphologySequentialStreamDropoutDev_BaselineLanguage_Fast_SaveLast_NoFinePOS.py	Slovak	Slovak	REAL_REAL	8	0.00433593474022	1.67632636207	263247	5.50795464508
yWithMorphologySequentialStreamDropoutDev_BaselineLanguage_Fast_SaveLast_NoFinePOS.py	Slovak	Slovak	REAL_REAL	9	0.000254189314907	1.67632636207	263247	5.50795464508
yWithMorphologySequentialStreamDropoutDev_BaselineLanguage_Fast_SaveLast_NoFinePOS.py	Slovak	Slovak	REAL_REAL	10	0	1.67632636207	263247	5.50795464508
yWithMorphologySequentialStreamDropoutDev_BaselineLanguage_Fast_SaveLast_NoFinePOS.py	Slovak	Slovak	REAL_REAL	11	0.000473057203097	1.67632636207	263247	5.50795464508
yWithMorphologySequentialStreamDropoutDev_BaselineLanguage_Fast_SaveLast_NoFinePOS.py	Slovak	Slovak	REAL_REAL	12	0.000130706617277	1.67632636207	263247	5.50795464508
yWithMorphologySequentialStreamDropoutDev_BaselineLanguage_Fast_SaveLast_NoFinePOS.py	Slovak	Slovak	REAL_REAL	13	0.000711355919707	1.67632636207	263247	5.50795464508
yWithMorphologySequentialStreamDropoutDev_BaselineLanguage_Fast_SaveLast_NoFinePOS.py	Slovak	Slovak	REAL_REAL	14	9.37852140974e-05	1.67632636207	263247	5.50795464508
yWithMorphologySequentialStreamDropoutDev_BaselineLanguage_Fast_SaveLast_NoFinePOS.py	Slovak	Slovak	REAL_REAL	15	0.000503581313238	1.67632636207	263247	5.50795464508
yWithMorphologySequentialStreamDropoutDev_BaselineLanguage_Fast_SaveLast_NoFinePOS.py	Slovak	Slovak	REAL_REAL	16	0	1.67632636207	263247	5.50795464508
yWithMorphologySequentialStreamDropoutDev_BaselineLanguage_Fast_SaveLast_NoFinePOS.py	Slovak	Slovak	REAL_REAL	17	0.000166815111082	1.67632636207	263247	5.50795464508
yWithMorphologySequentialStreamDropoutDev_BaselineLanguage_Fast_SaveLast_NoFinePOS.py	Slovak	Slovak	REAL_REAL	18	0	1.67632636207	263247	5.50795464508
yWithMorphologySequentialStreamDropoutDev_BaselineLanguage_Fast_SaveLast_NoFinePOS.py	Slovak	Slovak	REAL_REAL	19	0	1.67632636207	263247	5.50795464508
yWithMorphologySequentialStreamDropoutDev_BaselineLanguage_Fast_SaveLast_NoFinePOS.py	Slovak	Slovak	REAL_REAL	1	1.40560335737	1.64792855529	3912176	5.47316988854
yWithMorphologySequentialStreamDropoutDev_BaselineLanguage_Fast_SaveLast_NoFinePOS.py	Slovak	Slovak	REAL_REAL	2	0.137969206906	1.64792855529	3912176	5.47316988854
yWithMorphologySequentialStreamDropoutDev_BaselineLanguage_Fast_SaveLast_NoFinePOS.py	Slovak	Slovak	REAL_REAL	3	0.0403533619152	1.64792855529	3912176	5.47316988854
yWithMorphologySequentialStreamDropoutDev_BaselineLanguage_Fast_SaveLast_NoFinePOS.py	Slovak	Slovak	REAL_REAL	4	0.0292253276257	1.64792855529	3912176	5.47316988854
yWithMorphologySequentialStreamDropoutDev_BaselineLanguage_Fast_SaveLast_NoFinePOS.py	Slovak	Slovak	REAL_REAL	5	0.0165356824659	1.64792855529	3912176	5.47316988854
yWithMorphologySequentialStreamDropoutDev_BaselineLanguage_Fast_SaveLast_NoFinePOS.py	Slovak	Slovak	REAL_REAL	6	0.00691080207694	1.64792855529	3912176	5.47316988854
yWithMorphologySequentialStreamDropoutDev_BaselineLanguage_Fast_SaveLast_NoFinePOS.py	Slovak	Slovak	REAL_REAL	7	0.00438915985088	1.64792855529	3912176	5.47316988854
yWithMorphologySequentialStreamDropoutDev_BaselineLanguage_Fast_SaveLast_NoFinePOS.py	Slovak	Slovak	REAL_REAL	8	0.00298836831361	1.64792855529	3912176	5.47316988854
yWithMorphologySequentialStreamDropoutDev_BaselineLanguage_Fast_SaveLast_NoFinePOS.py	Slovak	Slovak	REAL_REAL	9	0.0013244519495	1.64792855529	3912176	5.47316988854
yWithMorphologySequentialStreamDropoutDev_BaselineLanguage_Fast_SaveLast_NoFinePOS.py	Slovak	Slovak	REAL_REAL	10	0.000382278145176	1.64792855529	3912176	5.47316988854
yWithMorphologySequentialStreamDropoutDev_BaselineLanguage_Fast_SaveLast_NoFinePOS.py	Slovak	Slovak	REAL_REAL	11	0.00047811829064	1.64792855529	3912176	5.47316988854
yWithMorphologySequentialStreamDropoutDev_BaselineLanguage_Fast_SaveLast_NoFinePOS.py	Slovak	Slovak	REAL_REAL	12	2.32409941003e-05	1.64792855529	3912176	5.47316988854
yWithMorphologySequentialStreamDropoutDev_BaselineLanguage_Fast_SaveLast_NoFinePOS.py	Slovak	Slovak	REAL_REAL	13	0.000651192746751	1.64792855529	3912176	5.47316988854
yWithMorphologySequentialStreamDropoutDev_BaselineLanguage_Fast_SaveLast_NoFinePOS.py	Slovak	Slovak	REAL_REAL	14	0.000833780634893	1.64792855529	3912176	5.47316988854
yWithMorphologySequentialStreamDropoutDev_BaselineLanguage_Fast_SaveLast_NoFinePOS.py	Slovak	Slovak	REAL_REAL	15	0	1.64792855529	3912176	5.47316988854
yWithMorphologySequentialStreamDropoutDev_BaselineLanguage_Fast_SaveLast_NoFinePOS.py	Slovak	Slovak	REAL_REAL	16	0.000540944403165	1.64792855529	3912176	5.47316988854
yWithMorphologySequentialStreamDropoutDev_BaselineLanguage_Fast_SaveLast_NoFinePOS.py	Slovak	Slovak	REAL_REAL	17	0	1.64792855529	3912176	5.47316988854
yWithMorphologySequentialStreamDropoutDev_BaselineLanguage_Fast_SaveLast_NoFinePOS.py	Slovak	Slovak	REAL_REAL	18	0.000126191198009	1.64792855529	3912176	5.47316988854
yWithMorphologySequentialStreamDropoutDev_BaselineLanguage_Fast_SaveLast_NoFinePOS.py	Slovak	Slovak	REAL_REAL	19	0.000128860914544	1.64792855529	3912176	5.47316988854
yWithMorphologySequentialStreamDropoutDev_BaselineLanguage_Fast_SaveLast_NoFinePOS.py	Slovak	Slovak	REAL_REAL	1	1.36936520171	1.6159240888	6363056	5.46686919483
yWithMorphologySequentialStreamDropoutDev_BaselineLanguage_Fast_SaveLast_NoFinePOS.py	Slovak	Slovak	REAL_REAL	2	0.14772711931	1.6159240888	6363056	5.46686919483
yWithMorphologySequentialStreamDropoutDev_BaselineLanguage_Fast_SaveLast_NoFinePOS.py	Slovak	Slovak	REAL_REAL	3	0.0378686500739	1.6159240888	6363056	5.46686919483
yWithMorphologySequentialStreamDropoutDev_BaselineLanguage_Fast_SaveLast_NoFinePOS.py	Slovak	Slovak	REAL_REAL	4	0.0261225083103	1.6159240888	6363056	5.46686919483
yWithMorphologySequentialStreamDropoutDev_BaselineLanguage_Fast_SaveLast_NoFinePOS.py	Slovak	Slovak	REAL_REAL	5	0.0151173701433	1.6159240888	6363056	5.46686919483
yWithMorphologySequentialStreamDropoutDev_BaselineLanguage_Fast_SaveLast_NoFinePOS.py	Slovak	Slovak	REAL_REAL	6	0.00887043427115	1.6159240888	6363056	5.46686919483
yWithMorphologySequentialStreamDropoutDev_BaselineLanguage_Fast_SaveLast_NoFinePOS.py	Slovak	Slovak	REAL_REAL	7	0.00446199827815	1.6159240888	6363056	5.46686919483
yWithMorphologySequentialStreamDropoutDev_BaselineLanguage_Fast_SaveLast_NoFinePOS.py	Slovak	Slovak	REAL_REAL	8	0.00326184863097	1.6159240888	6363056	5.46686919483
yWithMorphologySequentialStreamDropoutDev_BaselineLanguage_Fast_SaveLast_NoFinePOS.py	Slovak	Slovak	REAL_REAL	9	0.00103642618003	1.6159240888	6363056	5.46686919483
yWithMorphologySequentialStreamDropoutDev_BaselineLanguage_Fast_SaveLast_NoFinePOS.py	Slovak	Slovak	REAL_REAL	10	0.000127538222156	1.6159240888	6363056	5.46686919483
yWithMorphologySequentialStreamDropoutDev_BaselineLanguage_Fast_SaveLast_NoFinePOS.py	Slovak	Slovak	REAL_REAL	11	0.000830328750284	1.6159240888	6363056	5.46686919483
yWithMorphologySequentialStreamDropoutDev_BaselineLanguage_Fast_SaveLast_NoFinePOS.py	Slovak	Slovak	REAL_REAL	12	0.000736811920388	1.6159240888	6363056	5.46686919483
yWithMorphologySequentialStreamDropoutDev_BaselineLanguage_Fast_SaveLast_NoFinePOS.py	Slovak	Slovak	REAL_REAL	13	0	1.6159240888	6363056	5.46686919483
yWithMorphologySequentialStreamDropoutDev_BaselineLanguage_Fast_SaveLast_NoFinePOS.py	Slovak	Slovak	REAL_REAL	14	4.28538208141e-05	1.6159240888	6363056	5.46686919483
yWithMorphologySequentialStreamDropoutDev_BaselineLanguage_Fast_SaveLast_NoFinePOS.py	Slovak	Slovak	REAL_REAL	15	0	1.6159240888	6363056	5.46686919483
yWithMorphologySequentialStreamDropoutDev_BaselineLanguage_Fast_SaveLast_NoFinePOS.py	Slovak	Slovak	REAL_REAL	16	0.000514126354701	1.6159240888	6363056	5.46686919483
yWithMorphologySequentialStreamDropoutDev_BaselineLanguage_Fast_SaveLast_NoFinePOS.py	Slovak	Slovak	REAL_REAL	17	0.000108426850136	1.6159240888	6363056	5.46686919483
yWithMorphologySequentialStreamDropoutDev_BaselineLanguage_Fast_SaveLast_NoFinePOS.py	Slovak	Slovak	REAL_REAL	18	0.000218552228523	1.6159240888	6363056	5.46686919483
yWithMorphologySequentialStreamDropoutDev_BaselineLanguage_Fast_SaveLast_NoFinePOS.py	Slovak	Slovak	REAL_REAL	19	0	1.6159240888	6363056	5.46686919483
yWithMorphologySequentialStreamDropoutDev_BaselineLanguage_Fast_SaveLast_NoFinePOS.py	Slovak	Slovak	REAL_REAL	1	1.41995357475	1.693325478	4651402	5.49678195082
yWithMorphologySequentialStreamDropoutDev_BaselineLanguage_Fast_SaveLast_NoFinePOS.py	Slovak	Slovak	REAL_REAL	2	0.164618558508	1.693325478	4651402	5.49678195082
yWithMorphologySequentialStreamDropoutDev_BaselineLanguage_Fast_SaveLast_NoFinePOS.py	Slovak	Slovak	REAL_REAL	3	0.0412558136329	1.693325478	4651402	5.49678195082
yWithMorphologySequentialStreamDropoutDev_BaselineLanguage_Fast_SaveLast_NoFinePOS.py	Slovak	Slovak	REAL_REAL	4	0.0260905485855	1.693325478	4651402	5.49678195082
yWithMorphologySequentialStreamDropoutDev_BaselineLanguage_Fast_SaveLast_NoFinePOS.py	Slovak	Slovak	REAL_REAL	5	0.0161328564768	1.693325478	4651402	5.49678195082
yWithMorphologySequentialStreamDropoutDev_BaselineLanguage_Fast_SaveLast_NoFinePOS.py	Slovak	Slovak	REAL_REAL	6	0.00995507093325	1.693325478	4651402	5.49678195082
yWithMorphologySequentialStreamDropoutDev_BaselineLanguage_Fast_SaveLast_NoFinePOS.py	Slovak	Slovak	REAL_REAL	7	0.00616488268931	1.693325478	4651402	5.49678195082
yWithMorphologySequentialStreamDropoutDev_BaselineLanguage_Fast_SaveLast_NoFinePOS.py	Slovak	Slovak	REAL_REAL	8	0.00549758154235	1.693325478	4651402	5.49678195082
yWithMorphologySequentialStreamDropoutDev_BaselineLanguage_Fast_SaveLast_NoFinePOS.py	Slovak	Slovak	REAL_REAL	9	0.00109893838837	1.693325478	4651402	5.49678195082
yWithMorphologySequentialStreamDropoutDev_BaselineLanguage_Fast_SaveLast_NoFinePOS.py	Slovak	Slovak	REAL_REAL	10	0	1.693325478	4651402	5.49678195082
yWithMorphologySequentialStreamDropoutDev_BaselineLanguage_Fast_SaveLast_NoFinePOS.py	Slovak	Slovak	REAL_REAL	11	0.000781477354977	1.693325478	4651402	5.49678195082
yWithMorphologySequentialStreamDropoutDev_BaselineLanguage_Fast_SaveLast_NoFinePOS.py	Slovak	Slovak	REAL_REAL	12	0.000609261369052	1.693325478	4651402	5.49678195082
yWithMorphologySequentialStreamDropoutDev_BaselineLanguage_Fast_SaveLast_NoFinePOS.py	Slovak	Slovak	REAL_REAL	13	0.000720223539496	1.693325478	4651402	5.49678195082
yWithMorphologySequentialStreamDropoutDev_BaselineLanguage_Fast_SaveLast_NoFinePOS.py	Slovak	Slovak	REAL_REAL	14	0	1.693325478	4651402	5.49678195082
yWithMorphologySequentialStreamDropoutDev_BaselineLanguage_Fast_SaveLast_NoFinePOS.py	Slovak	Slovak	REAL_REAL	15	0.000402373606212	1.693325478	4651402	5.49678195082
yWithMorphologySequentialStreamDropoutDev_BaselineLanguage_Fast_SaveLast_NoFinePOS.py	Slovak	Slovak	REAL_REAL	16	0.000809264917896	1.693325478	4651402	5.49678195082
yWithMorphologySequentialStreamDropoutDev_BaselineLanguage_Fast_SaveLast_NoFinePOS.py	Slovak	Slovak	REAL_REAL	17	0.000265490682158	1.693325478	4651402	5.49678195082
yWithMorphologySequentialStreamDropoutDev_BaselineLanguage_Fast_SaveLast_NoFinePOS.py	Slovak	Slovak	REAL_REAL	18	0	1.693325478	4651402	5.49678195082
yWithMorphologySequentialStreamDropoutDev_BaselineLanguage_Fast_SaveLast_NoFinePOS.py	Slovak	Slovak	REAL_REAL	19	0.000422976931481	1.693325478	4651402	5.49678195082
yWithMorphologySequentialStreamDropoutDev_BaselineLanguage_Fast_SaveLast_NoFinePOS.py	Slovak	Slovak	REAL_REAL	1	1.39175145022	1.60523642077	3936334	5.48847562842
yWithMorphologySequentialStreamDropoutDev_BaselineLanguage_Fast_SaveLast_NoFinePOS.py	Slovak	Slovak	REAL_REAL	2	0.129253050522	1.60523642077	3936334	5.48847562842
yWithMorphologySequentialStreamDropoutDev_BaselineLanguage_Fast_SaveLast_NoFinePOS.py	Slovak	Slovak	REAL_REAL	3	0.0301709843008	1.60523642077	3936334	5.48847562842
yWithMorphologySequentialStreamDropoutDev_BaselineLanguage_Fast_SaveLast_NoFinePOS.py	Slovak	Slovak	REAL_REAL	4	0.0235042164995	1.60523642077	3936334	5.48847562842
yWithMorphologySequentialStreamDropoutDev_BaselineLanguage_Fast_SaveLast_NoFinePOS.py	Slovak	Slovak	REAL_REAL	5	0.0126563521689	1.60523642077	3936334	5.48847562842
yWithMorphologySequentialStreamDropoutDev_BaselineLanguage_Fast_SaveLast_NoFinePOS.py	Slovak	Slovak	REAL_REAL	6	0.00691941347841	1.60523642077	3936334	5.48847562842
yWithMorphologySequentialStreamDropoutDev_BaselineLanguage_Fast_SaveLast_NoFinePOS.py	Slovak	Slovak	REAL_REAL	7	0.00487304003271	1.60523642077	3936334	5.48847562842
yWithMorphologySequentialStreamDropoutDev_BaselineLanguage_Fast_SaveLast_NoFinePOS.py	Slovak	Slovak	REAL_REAL	8	0.00395472800895	1.60523642077	3936334	5.48847562842
yWithMorphologySequentialStreamDropoutDev_BaselineLanguage_Fast_SaveLast_NoFinePOS.py	Slovak	Slovak	REAL_REAL	9	0.000922351953101	1.60523642077	3936334	5.48847562842
yWithMorphologySequentialStreamDropoutDev_BaselineLanguage_Fast_SaveLast_NoFinePOS.py	Slovak	Slovak	REAL_REAL	10	5.37765760944e-05	1.60523642077	3936334	5.48847562842
yWithMorphologySequentialStreamDropoutDev_BaselineLanguage_Fast_SaveLast_NoFinePOS.py	Slovak	Slovak	REAL_REAL	11	0.00067259326373	1.60523642077	3936334	5.48847562842
yWithMorphologySequentialStreamDropoutDev_BaselineLanguage_Fast_SaveLast_NoFinePOS.py	Slovak	Slovak	REAL_REAL	12	0.000365498580345	1.60523642077	3936334	5.48847562842
yWithMorphologySequentialStreamDropoutDev_BaselineLanguage_Fast_SaveLast_NoFinePOS.py	Slovak	Slovak	REAL_REAL	13	0.00012860420632	1.60523642077	3936334	5.48847562842
yWithMorphologySequentialStreamDropoutDev_BaselineLanguage_Fast_SaveLast_NoFinePOS.py	Slovak	Slovak	REAL_REAL	14	0.000392070820887	1.60523642077	3936334	5.48847562842
yWithMorphologySequentialStreamDropoutDev_BaselineLanguage_Fast_SaveLast_NoFinePOS.py	Slovak	Slovak	REAL_REAL	15	0	1.60523642077	3936334	5.48847562842
yWithMorphologySequentialStreamDropoutDev_BaselineLanguage_Fast_SaveLast_NoFinePOS.py	Slovak	Slovak	REAL_REAL	16	0.000393936201318	1.60523642077	3936334	5.48847562842
yWithMorphologySequentialStreamDropoutDev_BaselineLanguage_Fast_SaveLast_NoFinePOS.py	Slovak	Slovak	REAL_REAL	17	0	1.60523642077	3936334	5.48847562842
yWithMorphologySequentialStreamDropoutDev_BaselineLanguage_Fast_SaveLast_NoFinePOS.py	Slovak	Slovak	REAL_REAL	18	7.43882296828e-06	1.60523642077	3936334	5.48847562842
yWithMorphologySequentialStreamDropoutDev_BaselineLanguage_Fast_SaveLast_NoFinePOS.py	Slovak	Slovak	REAL_REAL	19	0	1.60523642077	3936334	5.48847562842
yWithMorphologySequentialStreamDropoutDev_BaselineLanguage_Fast_SaveLast_NoFinePOS.py	Slovak	Slovak	REAL_REAL	1	1.40139360971	1.64550819964	8993504	5.4876915143
yWithMorphologySequentialStreamDropoutDev_BaselineLanguage_Fast_SaveLast_NoFinePOS.py	Slovak	Slovak	REAL_REAL	2	0.14213712493	1.64550819964	8993504	5.4876915143
yWithMorphologySequentialStreamDropoutDev_BaselineLanguage_Fast_SaveLast_NoFinePOS.py	Slovak	Slovak	REAL_REAL	3	0.0399411943677	1.64550819964	8993504	5.4876915143
yWithMorphologySequentialStreamDropoutDev_BaselineLanguage_Fast_SaveLast_NoFinePOS.py	Slovak	Slovak	REAL_REAL	4	0.0257732984954	1.64550819964	8993504	5.4876915143
yWithMorphologySequentialStreamDropoutDev_BaselineLanguage_Fast_SaveLast_NoFinePOS.py	Slovak	Slovak	REAL_REAL	5	0.015971241871	1.64550819964	8993504	5.4876915143
yWithMorphologySequentialStreamDropoutDev_BaselineLanguage_Fast_SaveLast_NoFinePOS.py	Slovak	Slovak	REAL_REAL	6	0.00852260846798	1.64550819964	8993504	5.4876915143
yWithMorphologySequentialStreamDropoutDev_BaselineLanguage_Fast_SaveLast_NoFinePOS.py	Slovak	Slovak	REAL_REAL	7	0.00509360959269	1.64550819964	8993504	5.4876915143
yWithMorphologySequentialStreamDropoutDev_BaselineLanguage_Fast_SaveLast_NoFinePOS.py	Slovak	Slovak	REAL_REAL	8	0.00391362685047	1.64550819964	8993504	5.4876915143
yWithMorphologySequentialStreamDropoutDev_BaselineLanguage_Fast_SaveLast_NoFinePOS.py	Slovak	Slovak	REAL_REAL	9	0.00182122269722	1.64550819964	8993504	5.4876915143
yWithMorphologySequentialStreamDropoutDev_BaselineLanguage_Fast_SaveLast_NoFinePOS.py	Slovak	Slovak	REAL_REAL	10	0.000419392406124	1.64550819964	8993504	5.4876915143
yWithMorphologySequentialStreamDropoutDev_BaselineLanguage_Fast_SaveLast_NoFinePOS.py	Slovak	Slovak	REAL_REAL	11	0.000384216847485	1.64550819964	8993504	5.4876915143
yWithMorphologySequentialStreamDropoutDev_BaselineLanguage_Fast_SaveLast_NoFinePOS.py	Slovak	Slovak	REAL_REAL	12	0	1.64550819964	8993504	5.4876915143
yWithMorphologySequentialStreamDropoutDev_BaselineLanguage_Fast_SaveLast_NoFinePOS.py	Slovak	Slovak	REAL_REAL	13	0	1.64550819964	8993504	5.4876915143
yWithMorphologySequentialStreamDropoutDev_BaselineLanguage_Fast_SaveLast_NoFinePOS.py	Slovak	Slovak	REAL_REAL	14	0.000974077108788	1.64550819964	8993504	5.4876915143
yWithMorphologySequentialStreamDropoutDev_BaselineLanguage_Fast_SaveLast_NoFinePOS.py	Slovak	Slovak	REAL_REAL	15	0	1.64550819964	8993504	5.4876915143
yWithMorphologySequentialStreamDropoutDev_BaselineLanguage_Fast_SaveLast_NoFinePOS.py	Slovak	Slovak	REAL_REAL	16	0	1.64550819964	8993504	5.4876915143
yWithMorphologySequentialStreamDropoutDev_BaselineLanguage_Fast_SaveLast_NoFinePOS.py	Slovak	Slovak	REAL_REAL	17	0.000133301256454	1.64550819964	8993504	5.4876915143
yWithMorphologySequentialStreamDropoutDev_BaselineLanguage_Fast_SaveLast_NoFinePOS.py	Slovak	Slovak	REAL_REAL	18	3.68575527245e-05	1.64550819964	8993504	5.4876915143
yWithMorphologySequentialStreamDropoutDev_BaselineLanguage_Fast_SaveLast_NoFinePOS.py	Slovak	Slovak	REAL_REAL	19	3.77400688927e-05	1.64550819964	8993504	5.4876915143
yWithMorphologySequentialStreamDropoutDev_BaselineLanguage_Fast_SaveLast_NoFinePOS.py	Slovak	Slovak	REAL_REAL	1	1.41500084453	1.68090804472	6538739	5.48594567939
yWithMorphologySequentialStreamDropoutDev_BaselineLanguage_Fast_SaveLast_NoFinePOS.py	Slovak	Slovak	REAL_REAL	2	0.156437675104	1.68090804472	6538739	5.48594567939
yWithMorphologySequentialStreamDropoutDev_BaselineLanguage_Fast_SaveLast_NoFinePOS.py	Slovak	Slovak	REAL_REAL	3	0.0414549505057	1.68090804472	6538739	5.48594567939
yWithMorphologySequentialStreamDropoutDev_BaselineLanguage_Fast_SaveLast_NoFinePOS.py	Slovak	Slovak	REAL_REAL	4	0.028140449034	1.68090804472	6538739	5.48594567939
yWithMorphologySequentialStreamDropoutDev_BaselineLanguage_Fast_SaveLast_NoFinePOS.py	Slovak	Slovak	REAL_REAL	5	0.0145008946118	1.68090804472	6538739	5.48594567939
yWithMorphologySequentialStreamDropoutDev_BaselineLanguage_Fast_SaveLast_NoFinePOS.py	Slovak	Slovak	REAL_REAL	6	0.0105598016144	1.68090804472	6538739	5.48594567939
yWithMorphologySequentialStreamDropoutDev_BaselineLanguage_Fast_SaveLast_NoFinePOS.py	Slovak	Slovak	REAL_REAL	7	0.00464711230095	1.68090804472	6538739	5.48594567939
yWithMorphologySequentialStreamDropoutDev_BaselineLanguage_Fast_SaveLast_NoFinePOS.py	Slovak	Slovak	REAL_REAL	8	0.00661294345986	1.68090804472	6538739	5.48594567939
yWithMorphologySequentialStreamDropoutDev_BaselineLanguage_Fast_SaveLast_NoFinePOS.py	Slovak	Slovak	REAL_REAL	9	0.00135266062332	1.68090804472	6538739	5.48594567939
yWithMorphologySequentialStreamDropoutDev_BaselineLanguage_Fast_SaveLast_NoFinePOS.py	Slovak	Slovak	REAL_REAL	10	0.00140940600062	1.68090804472	6538739	5.48594567939
yWithMorphologySequentialStreamDropoutDev_BaselineLanguage_Fast_SaveLast_NoFinePOS.py	Slovak	Slovak	REAL_REAL	11	0	1.68090804472	6538739	5.48594567939
yWithMorphologySequentialStreamDropoutDev_BaselineLanguage_Fast_SaveLast_NoFinePOS.py	Slovak	Slovak	REAL_REAL	12	0.00106814785363	1.68090804472	6538739	5.48594567939
yWithMorphologySequentialStreamDropoutDev_BaselineLanguage_Fast_SaveLast_NoFinePOS.py	Slovak	Slovak	REAL_REAL	13	0.000447735312867	1.68090804472	6538739	5.48594567939
yWithMorphologySequentialStreamDropoutDev_BaselineLanguage_Fast_SaveLast_NoFinePOS.py	Slovak	Slovak	REAL_REAL	14	0	1.68090804472	6538739	5.48594567939
yWithMorphologySequentialStreamDropoutDev_BaselineLanguage_Fast_SaveLast_NoFinePOS.py	Slovak	Slovak	REAL_REAL	15	4.39792463225e-05	1.68090804472	6538739	5.48594567939
yWithMorphologySequentialStreamDropoutDev_BaselineLanguage_Fast_SaveLast_NoFinePOS.py	Slovak	Slovak	REAL_REAL	16	0	1.68090804472	6538739	5.48594567939
yWithMorphologySequentialStreamDropoutDev_BaselineLanguage_Fast_SaveLast_NoFinePOS.py	Slovak	Slovak	REAL_REAL	17	0	1.68090804472	6538739	5.48594567939
yWithMorphologySequentialStreamDropoutDev_BaselineLanguage_Fast_SaveLast_NoFinePOS.py	Slovak	Slovak	REAL_REAL	18	0.000288424834813	1.68090804472	6538739	5.48594567939
yWithMorphologySequentialStreamDropoutDev_BaselineLanguage_Fast_SaveLast_NoFinePOS.py	Slovak	Slovak	REAL_REAL	19	0	1.68090804472	6538739	5.48594567939
yWithMorphologySequentialStreamDropoutDev_BaselineLanguage_Fast_SaveLast_NoFinePOS.py	Slovak	Slovak	REAL_REAL	1	1.40952230349	1.64068560576	3504587	5.51733396931
yWithMorphologySequentialStreamDropoutDev_BaselineLanguage_Fast_SaveLast_NoFinePOS.py	Slovak	Slovak	REAL_REAL	2	0.148516043776	1.64068560576	3504587	5.51733396931
yWithMorphologySequentialStreamDropoutDev_BaselineLanguage_Fast_SaveLast_NoFinePOS.py	Slovak	Slovak	REAL_REAL	3	0.0351177601373	1.64068560576	3504587	5.51733396931
yWithMorphologySequentialStreamDropoutDev_BaselineLanguage_Fast_SaveLast_NoFinePOS.py	Slovak	Slovak	REAL_REAL	4	0.020035284676	1.64068560576	3504587	5.51733396931
yWithMorphologySequentialStreamDropoutDev_BaselineLanguage_Fast_SaveLast_NoFinePOS.py	Slovak	Slovak	REAL_REAL	5	0.013077363331	1.64068560576	3504587	5.51733396931
yWithMorphologySequentialStreamDropoutDev_BaselineLanguage_Fast_SaveLast_NoFinePOS.py	Slovak	Slovak	REAL_REAL	6	0.00622273981571	1.64068560576	3504587	5.51733396931
yWithMorphologySequentialStreamDropoutDev_BaselineLanguage_Fast_SaveLast_NoFinePOS.py	Slovak	Slovak	REAL_REAL	7	0.00336939921118	1.64068560576	3504587	5.51733396931
yWithMorphologySequentialStreamDropoutDev_BaselineLanguage_Fast_SaveLast_NoFinePOS.py	Slovak	Slovak	REAL_REAL	8	0.00363366395643	1.64068560576	3504587	5.51733396931
yWithMorphologySequentialStreamDropoutDev_BaselineLanguage_Fast_SaveLast_NoFinePOS.py	Slovak	Slovak	REAL_REAL	9	0.000874412998761	1.64068560576	3504587	5.51733396931
yWithMorphologySequentialStreamDropoutDev_BaselineLanguage_Fast_SaveLast_NoFinePOS.py	Slovak	Slovak	REAL_REAL	10	0.000356775563057	1.64068560576	3504587	5.51733396931
yWithMorphologySequentialStreamDropoutDev_BaselineLanguage_Fast_SaveLast_NoFinePOS.py	Slovak	Slovak	REAL_REAL	11	0.000475840127631	1.64068560576	3504587	5.51733396931
yWithMorphologySequentialStreamDropoutDev_BaselineLanguage_Fast_SaveLast_NoFinePOS.py	Slovak	Slovak	REAL_REAL	12	0	1.64068560576	3504587	5.51733396931
yWithMorphologySequentialStreamDropoutDev_BaselineLanguage_Fast_SaveLast_NoFinePOS.py	Slovak	Slovak	REAL_REAL	13	0.000117967063433	1.64068560576	3504587	5.51733396931
yWithMorphologySequentialStreamDropoutDev_BaselineLanguage_Fast_SaveLast_NoFinePOS.py	Slovak	Slovak	REAL_REAL	14	0.000289882127553	1.64068560576	3504587	5.51733396931
yWithMorphologySequentialStreamDropoutDev_BaselineLanguage_Fast_SaveLast_NoFinePOS.py	Slovak	Slovak	REAL_REAL	15	5.70850013051e-05	1.64068560576	3504587	5.51733396931
yWithMorphologySequentialStreamDropoutDev_BaselineLanguage_Fast_SaveLast_NoFinePOS.py	Slovak	Slovak	REAL_REAL	16	0	1.64068560576	3504587	5.51733396931
yWithMorphologySequentialStreamDropoutDev_BaselineLanguage_Fast_SaveLast_NoFinePOS.py	Slovak	Slovak	REAL_REAL	17	0	1.64068560576	3504587	5.51733396931
yWithMorphologySequentialStreamDropoutDev_BaselineLanguage_Fast_SaveLast_NoFinePOS.py	Slovak	Slovak	REAL_REAL	18	0	1.64068560576	3504587	5.51733396931
yWithMorphologySequentialStreamDropoutDev_BaselineLanguage_Fast_SaveLast_NoFinePOS.py	Slovak	Slovak	REAL_REAL	19	0	1.64068560576	3504587	5.51733396931
yWithMorphologySequentialStreamDropoutDev_BaselineLanguage_Fast_SaveLast_NoFinePOS.py	Slovak	Slovak	REAL_REAL	1	1.40686854585	1.66818423483	6064441	5.46970563653
yWithMorphologySequentialStreamDropoutDev_BaselineLanguage_Fast_SaveLast_NoFinePOS.py	Slovak	Slovak	REAL_REAL	2	0.154441740456	1.66818423483	6064441	5.46970563653
yWithMorphologySequentialStreamDropoutDev_BaselineLanguage_Fast_SaveLast_NoFinePOS.py	Slovak	Slovak	REAL_REAL	3	0.0406229037128	1.66818423483	6064441	5.46970563653
yWithMorphologySequentialStreamDropoutDev_BaselineLanguage_Fast_SaveLast_NoFinePOS.py	Slovak	Slovak	REAL_REAL	4	0.0245942763678	1.66818423483	6064441	5.46970563653
yWithMorphologySequentialStreamDropoutDev_BaselineLanguage_Fast_SaveLast_NoFinePOS.py	Slovak	Slovak	REAL_REAL	5	0.0160038491226	1.66818423483	6064441	5.46970563653
yWithMorphologySequentialStreamDropoutDev_BaselineLanguage_Fast_SaveLast_NoFinePOS.py	Slovak	Slovak	REAL_REAL	6	0.00901772245152	1.66818423483	6064441	5.46970563653
yWithMorphologySequentialStreamDropoutDev_BaselineLanguage_Fast_SaveLast_NoFinePOS.py	Slovak	Slovak	REAL_REAL	7	0.00647109289692	1.66818423483	6064441	5.46970563653
yWithMorphologySequentialStreamDropoutDev_BaselineLanguage_Fast_SaveLast_NoFinePOS.py	Slovak	Slovak	REAL_REAL	8	0.00623828642172	1.66818423483	6064441	5.46970563653
yWithMorphologySequentialStreamDropoutDev_BaselineLanguage_Fast_SaveLast_NoFinePOS.py	Slovak	Slovak	REAL_REAL	9	0.00278164728047	1.66818423483	6064441	5.46970563653
yWithMorphologySequentialStreamDropoutDev_BaselineLanguage_Fast_SaveLast_NoFinePOS.py	Slovak	Slovak	REAL_REAL	10	0.000801158237131	1.66818423483	6064441	5.46970563653
yWithMorphologySequentialStreamDropoutDev_BaselineLanguage_Fast_SaveLast_NoFinePOS.py	Slovak	Slovak	REAL_REAL	11	9.13827794871e-05	1.66818423483	6064441	5.46970563653
yWithMorphologySequentialStreamDropoutDev_BaselineLanguage_Fast_SaveLast_NoFinePOS.py	Slovak	Slovak	REAL_REAL	12	9.84846729124e-05	1.66818423483	6064441	5.46970563653
yWithMorphologySequentialStreamDropoutDev_BaselineLanguage_Fast_SaveLast_NoFinePOS.py	Slovak	Slovak	REAL_REAL	13	0	1.66818423483	6064441	5.46970563653
yWithMorphologySequentialStreamDropoutDev_BaselineLanguage_Fast_SaveLast_NoFinePOS.py	Slovak	Slovak	REAL_REAL	14	0	1.66818423483	6064441	5.46970563653
yWithMorphologySequentialStreamDropoutDev_BaselineLanguage_Fast_SaveLast_NoFinePOS.py	Slovak	Slovak	REAL_REAL	15	0	1.66818423483	6064441	5.46970563653
yWithMorphologySequentialStreamDropoutDev_BaselineLanguage_Fast_SaveLast_NoFinePOS.py	Slovak	Slovak	REAL_REAL	16	2.2018608985e-06	1.66818423483	6064441	5.46970563653
yWithMorphologySequentialStreamDropoutDev_BaselineLanguage_Fast_SaveLast_NoFinePOS.py	Slovak	Slovak	REAL_REAL	17	0.000694220645787	1.66818423483	6064441	5.46970563653
yWithMorphologySequentialStreamDropoutDev_BaselineLanguage_Fast_SaveLast_NoFinePOS.py	Slovak	Slovak	REAL_REAL	18	0.000288211482845	1.66818423483	6064441	5.46970563653
yWithMorphologySequentialStreamDropoutDev_BaselineLanguage_Fast_SaveLast_NoFinePOS.py	Slovak	Slovak	REAL_REAL	19	6.23299242699e-05	1.66818423483	6064441	5.46970563653
yWithMorphologySequentialStreamDropoutDev_BaselineLanguage_Fast_SaveLast_NoFinePOS.py	Slovak	Slovak	REAL_REAL	1	1.40764967799	1.6686618019	8590302	5.50094734961
yWithMorphologySequentialStreamDropoutDev_BaselineLanguage_Fast_SaveLast_NoFinePOS.py	Slovak	Slovak	REAL_REAL	2	0.15208648925	1.6686618019	8590302	5.50094734961
yWithMorphologySequentialStreamDropoutDev_BaselineLanguage_Fast_SaveLast_NoFinePOS.py	Slovak	Slovak	REAL_REAL	3	0.0417551677929	1.6686618019	8590302	5.50094734961
yWithMorphologySequentialStreamDropoutDev_BaselineLanguage_Fast_SaveLast_NoFinePOS.py	Slovak	Slovak	REAL_REAL	4	0.0281273089043	1.6686618019	8590302	5.50094734961
yWithMorphologySequentialStreamDropoutDev_BaselineLanguage_Fast_SaveLast_NoFinePOS.py	Slovak	Slovak	REAL_REAL	5	0.0169432262035	1.6686618019	8590302	5.50094734961
yWithMorphologySequentialStreamDropoutDev_BaselineLanguage_Fast_SaveLast_NoFinePOS.py	Slovak	Slovak	REAL_REAL	6	0.00969339964324	1.6686618019	8590302	5.50094734961
yWithMorphologySequentialStreamDropoutDev_BaselineLanguage_Fast_SaveLast_NoFinePOS.py	Slovak	Slovak	REAL_REAL	7	0.00491320401022	1.6686618019	8590302	5.50094734961
yWithMorphologySequentialStreamDropoutDev_BaselineLanguage_Fast_SaveLast_NoFinePOS.py	Slovak	Slovak	REAL_REAL	8	0.00424908795585	1.6686618019	8590302	5.50094734961
yWithMorphologySequentialStreamDropoutDev_BaselineLanguage_Fast_SaveLast_NoFinePOS.py	Slovak	Slovak	REAL_REAL	9	0.00138008255665	1.6686618019	8590302	5.50094734961
yWithMorphologySequentialStreamDropoutDev_BaselineLanguage_Fast_SaveLast_NoFinePOS.py	Slovak	Slovak	REAL_REAL	10	0.000476260993579	1.6686618019	8590302	5.50094734961
yWithMorphologySequentialStreamDropoutDev_BaselineLanguage_Fast_SaveLast_NoFinePOS.py	Slovak	Slovak	REAL_REAL	11	0.000102920809837	1.6686618019	8590302	5.50094734961
yWithMorphologySequentialStreamDropoutDev_BaselineLanguage_Fast_SaveLast_NoFinePOS.py	Slovak	Slovak	REAL_REAL	12	0.00138676015482	1.6686618019	8590302	5.50094734961
yWithMorphologySequentialStreamDropoutDev_BaselineLanguage_Fast_SaveLast_NoFinePOS.py	Slovak	Slovak	REAL_REAL	13	0.000568783773135	1.6686618019	8590302	5.50094734961
yWithMorphologySequentialStreamDropoutDev_BaselineLanguage_Fast_SaveLast_NoFinePOS.py	Slovak	Slovak	REAL_REAL	14	3.52350816337e-05	1.6686618019	8590302	5.50094734961
yWithMorphologySequentialStreamDropoutDev_BaselineLanguage_Fast_SaveLast_NoFinePOS.py	Slovak	Slovak	REAL_REAL	15	0.000336297448367	1.6686618019	8590302	5.50094734961
yWithMorphologySequentialStreamDropoutDev_BaselineLanguage_Fast_SaveLast_NoFinePOS.py	Slovak	Slovak	REAL_REAL	16	0	1.6686618019	8590302	5.50094734961
yWithMorphologySequentialStreamDropoutDev_BaselineLanguage_Fast_SaveLast_NoFinePOS.py	Slovak	Slovak	REAL_REAL	17	0	1.6686618019	8590302	5.50094734961
yWithMorphologySequentialStreamDropoutDev_BaselineLanguage_Fast_SaveLast_NoFinePOS.py	Slovak	Slovak	REAL_REAL	18	0.000175899267197	1.6686618019	8590302	5.50094734961
yWithMorphologySequentialStreamDropoutDev_BaselineLanguage_Fast_SaveLast_NoFinePOS.py	Slovak	Slovak	REAL_REAL	19	0	1.6686618019	8590302	5.50094734961
yWithMorphologySequentialStreamDropoutDev_BaselineLanguage_Fast_SaveLast_NoFinePOS.py	Slovak	Slovak	REAL_REAL	1	1.37174468624	1.61966037616	1010916	5.47676749446
yWithMorphologySequentialStreamDropoutDev_BaselineLanguage_Fast_SaveLast_NoFinePOS.py	Slovak	Slovak	REAL_REAL	2	0.148621218172	1.61966037616	1010916	5.47676749446
yWithMorphologySequentialStreamDropoutDev_BaselineLanguage_Fast_SaveLast_NoFinePOS.py	Slovak	Slovak	REAL_REAL	3	0.0419366129865	1.61966037616	1010916	5.47676749446
yWithMorphologySequentialStreamDropoutDev_BaselineLanguage_Fast_SaveLast_NoFinePOS.py	Slovak	Slovak	REAL_REAL	4	0.0260925567722	1.61966037616	1010916	5.47676749446
yWithMorphologySequentialStreamDropoutDev_BaselineLanguage_Fast_SaveLast_NoFinePOS.py	Slovak	Slovak	REAL_REAL	5	0.0152684906982	1.61966037616	1010916	5.47676749446
yWithMorphologySequentialStreamDropoutDev_BaselineLanguage_Fast_SaveLast_NoFinePOS.py	Slovak	Slovak	REAL_REAL	6	0.0069206350062	1.61966037616	1010916	5.47676749446
yWithMorphologySequentialStreamDropoutDev_BaselineLanguage_Fast_SaveLast_NoFinePOS.py	Slovak	Slovak	REAL_REAL	7	0.00446511735655	1.61966037616	1010916	5.47676749446
yWithMorphologySequentialStreamDropoutDev_BaselineLanguage_Fast_SaveLast_NoFinePOS.py	Slovak	Slovak	REAL_REAL	8	0.00377977204649	1.61966037616	1010916	5.47676749446
yWithMorphologySequentialStreamDropoutDev_BaselineLanguage_Fast_SaveLast_NoFinePOS.py	Slovak	Slovak	REAL_REAL	9	0.00092645001738	1.61966037616	1010916	5.47676749446
yWithMorphologySequentialStreamDropoutDev_BaselineLanguage_Fast_SaveLast_NoFinePOS.py	Slovak	Slovak	REAL_REAL	10	0.000464670380501	1.61966037616	1010916	5.47676749446
yWithMorphologySequentialStreamDropoutDev_BaselineLanguage_Fast_SaveLast_NoFinePOS.py	Slovak	Slovak	REAL_REAL	11	0	1.61966037616	1010916	5.47676749446
yWithMorphologySequentialStreamDropoutDev_BaselineLanguage_Fast_SaveLast_NoFinePOS.py	Slovak	Slovak	REAL_REAL	12	0.000249372361457	1.61966037616	1010916	5.47676749446
yWithMorphologySequentialStreamDropoutDev_BaselineLanguage_Fast_SaveLast_NoFinePOS.py	Slovak	Slovak	REAL_REAL	13	0	1.61966037616	1010916	5.47676749446
yWithMorphologySequentialStreamDropoutDev_BaselineLanguage_Fast_SaveLast_NoFinePOS.py	Slovak	Slovak	REAL_REAL	14	1.88507854122e-05	1.61966037616	1010916	5.47676749446
yWithMorphologySequentialStreamDropoutDev_BaselineLanguage_Fast_SaveLast_NoFinePOS.py	Slovak	Slovak	REAL_REAL	15	0	1.61966037616	1010916	5.47676749446
yWithMorphologySequentialStreamDropoutDev_BaselineLanguage_Fast_SaveLast_NoFinePOS.py	Slovak	Slovak	REAL_REAL	16	0.000119357729611	1.61966037616	1010916	5.47676749446
yWithMorphologySequentialStreamDropoutDev_BaselineLanguage_Fast_SaveLast_NoFinePOS.py	Slovak	Slovak	REAL_REAL	17	0.000192161986273	1.61966037616	1010916	5.47676749446
yWithMorphologySequentialStreamDropoutDev_BaselineLanguage_Fast_SaveLast_NoFinePOS.py	Slovak	Slovak	REAL_REAL	18	0	1.61966037616	1010916	5.47676749446
yWithMorphologySequentialStreamDropoutDev_BaselineLanguage_Fast_SaveLast_NoFinePOS.py	Slovak	Slovak	REAL_REAL	19	0	1.61966037616	1010916	5.47676749446
yWithMorphologySequentialStreamDropoutDev_BaselineLanguage_Fast_SaveLast_NoFinePOS.py	Slovak	Slovak	REAL_REAL	1	1.41766524858	1.70366989378	2840313	5.50423087506
yWithMorphologySequentialStreamDropoutDev_BaselineLanguage_Fast_SaveLast_NoFinePOS.py	Slovak	Slovak	REAL_REAL	2	0.180144776873	1.70366989378	2840313	5.50423087506
yWithMorphologySequentialStreamDropoutDev_BaselineLanguage_Fast_SaveLast_NoFinePOS.py	Slovak	Slovak	REAL_REAL	3	0.0463820323144	1.70366989378	2840313	5.50423087506
yWithMorphologySequentialStreamDropoutDev_BaselineLanguage_Fast_SaveLast_NoFinePOS.py	Slovak	Slovak	REAL_REAL	4	0.0268512028537	1.70366989378	2840313	5.50423087506
yWithMorphologySequentialStreamDropoutDev_BaselineLanguage_Fast_SaveLast_NoFinePOS.py	Slovak	Slovak	REAL_REAL	5	0.01195075169	1.70366989378	2840313	5.50423087506
yWithMorphologySequentialStreamDropoutDev_BaselineLanguage_Fast_SaveLast_NoFinePOS.py	Slovak	Slovak	REAL_REAL	6	0.00689005386339	1.70366989378	2840313	5.50423087506
yWithMorphologySequentialStreamDropoutDev_BaselineLanguage_Fast_SaveLast_NoFinePOS.py	Slovak	Slovak	REAL_REAL	7	0.00463811506147	1.70366989378	2840313	5.50423087506
yWithMorphologySequentialStreamDropoutDev_BaselineLanguage_Fast_SaveLast_NoFinePOS.py	Slovak	Slovak	REAL_REAL	8	0.00359512163352	1.70366989378	2840313	5.50423087506
yWithMorphologySequentialStreamDropoutDev_BaselineLanguage_Fast_SaveLast_NoFinePOS.py	Slovak	Slovak	REAL_REAL	9	0.00193624410727	1.70366989378	2840313	5.50423087506
yWithMorphologySequentialStreamDropoutDev_BaselineLanguage_Fast_SaveLast_NoFinePOS.py	Slovak	Slovak	REAL_REAL	10	0.00129113813786	1.70366989378	2840313	5.50423087506
yWithMorphologySequentialStreamDropoutDev_BaselineLanguage_Fast_SaveLast_NoFinePOS.py	Slovak	Slovak	REAL_REAL	11	0.00141763446266	1.70366989378	2840313	5.50423087506
yWithMorphologySequentialStreamDropoutDev_BaselineLanguage_Fast_SaveLast_NoFinePOS.py	Slovak	Slovak	REAL_REAL	12	0.000361823953995	1.70366989378	2840313	5.50423087506
yWithMorphologySequentialStreamDropoutDev_BaselineLanguage_Fast_SaveLast_NoFinePOS.py	Slovak	Slovak	REAL_REAL	13	9.0545783304e-05	1.70366989378	2840313	5.50423087506
yWithMorphologySequentialStreamDropoutDev_BaselineLanguage_Fast_SaveLast_NoFinePOS.py	Slovak	Slovak	REAL_REAL	14	0	1.70366989378	2840313	5.50423087506
yWithMorphologySequentialStreamDropoutDev_BaselineLanguage_Fast_SaveLast_NoFinePOS.py	Slovak	Slovak	REAL_REAL	15	0.000233659311517	1.70366989378	2840313	5.50423087506
yWithMorphologySequentialStreamDropoutDev_BaselineLanguage_Fast_SaveLast_NoFinePOS.py	Slovak	Slovak	REAL_REAL	16	0.000169814449467	1.70366989378	2840313	5.50423087506
yWithMorphologySequentialStreamDropoutDev_BaselineLanguage_Fast_SaveLast_NoFinePOS.py	Slovak	Slovak	REAL_REAL	17	4.99429768119e-06	1.70366989378	2840313	5.50423087506
yWithMorphologySequentialStreamDropoutDev_BaselineLanguage_Fast_SaveLast_NoFinePOS.py	Slovak	Slovak	REAL_REAL	18	0.000179531353794	1.70366989378	2840313	5.50423087506
yWithMorphologySequentialStreamDropoutDev_BaselineLanguage_Fast_SaveLast_NoFinePOS.py	Slovak	Slovak	REAL_REAL	19	0	1.70366989378	2840313	5.50423087506
yWithMorphologySequentialStreamDropoutDev_BaselineLanguage_Fast_SaveLast_NoFinePOS.py	Slovak	Slovak	REAL_REAL	1	1.41179020152	1.68273466315	1481792	5.49712682522
yWithMorphologySequentialStreamDropoutDev_BaselineLanguage_Fast_SaveLast_NoFinePOS.py	Slovak	Slovak	REAL_REAL	2	0.158521141826	1.68273466315	1481792	5.49712682522
yWithMorphologySequentialStreamDropoutDev_BaselineLanguage_Fast_SaveLast_NoFinePOS.py	Slovak	Slovak	REAL_REAL	3	0.0360618143457	1.68273466315	1481792	5.49712682522
yWithMorphologySequentialStreamDropoutDev_BaselineLanguage_Fast_SaveLast_NoFinePOS.py	Slovak	Slovak	REAL_REAL	4	0.0327761548431	1.68273466315	1481792	5.49712682522
yWithMorphologySequentialStreamDropoutDev_BaselineLanguage_Fast_SaveLast_NoFinePOS.py	Slovak	Slovak	REAL_REAL	5	0.0171985118356	1.68273466315	1481792	5.49712682522
yWithMorphologySequentialStreamDropoutDev_BaselineLanguage_Fast_SaveLast_NoFinePOS.py	Slovak	Slovak	REAL_REAL	6	0.0127486918887	1.68273466315	1481792	5.49712682522
yWithMorphologySequentialStreamDropoutDev_BaselineLanguage_Fast_SaveLast_NoFinePOS.py	Slovak	Slovak	REAL_REAL	7	0.00630605996472	1.68273466315	1481792	5.49712682522
yWithMorphologySequentialStreamDropoutDev_BaselineLanguage_Fast_SaveLast_NoFinePOS.py	Slovak	Slovak	REAL_REAL	8	0.00384577749527	1.68273466315	1481792	5.49712682522
yWithMorphologySequentialStreamDropoutDev_BaselineLanguage_Fast_SaveLast_NoFinePOS.py	Slovak	Slovak	REAL_REAL	9	0.00191997693826	1.68273466315	1481792	5.49712682522
yWithMorphologySequentialStreamDropoutDev_BaselineLanguage_Fast_SaveLast_NoFinePOS.py	Slovak	Slovak	REAL_REAL	10	0.000305276700895	1.68273466315	1481792	5.49712682522
yWithMorphologySequentialStreamDropoutDev_BaselineLanguage_Fast_SaveLast_NoFinePOS.py	Slovak	Slovak	REAL_REAL	11	0.000871887109051	1.68273466315	1481792	5.49712682522
yWithMorphologySequentialStreamDropoutDev_BaselineLanguage_Fast_SaveLast_NoFinePOS.py	Slovak	Slovak	REAL_REAL	12	0.000430153861438	1.68273466315	1481792	5.49712682522
yWithMorphologySequentialStreamDropoutDev_BaselineLanguage_Fast_SaveLast_NoFinePOS.py	Slovak	Slovak	REAL_REAL	13	0.000422780032027	1.68273466315	1481792	5.49712682522
yWithMorphologySequentialStreamDropoutDev_BaselineLanguage_Fast_SaveLast_NoFinePOS.py	Slovak	Slovak	REAL_REAL	14	0	1.68273466315	1481792	5.49712682522
yWithMorphologySequentialStreamDropoutDev_BaselineLanguage_Fast_SaveLast_NoFinePOS.py	Slovak	Slovak	REAL_REAL	15	0	1.68273466315	1481792	5.49712682522
yWithMorphologySequentialStreamDropoutDev_BaselineLanguage_Fast_SaveLast_NoFinePOS.py	Slovak	Slovak	REAL_REAL	16	0.000317922479486	1.68273466315	1481792	5.49712682522
yWithMorphologySequentialStreamDropoutDev_BaselineLanguage_Fast_SaveLast_NoFinePOS.py	Slovak	Slovak	REAL_REAL	17	5.04940748218e-05	1.68273466315	1481792	5.49712682522
yWithMorphologySequentialStreamDropoutDev_BaselineLanguage_Fast_SaveLast_NoFinePOS.py	Slovak	Slovak	REAL_REAL	18	0	1.68273466315	1481792	5.49712682522
yWithMorphologySequentialStreamDropoutDev_BaselineLanguage_Fast_SaveLast_NoFinePOS.py	Slovak	Slovak	REAL_REAL	19	0	1.68273466315	1481792	5.49712682522
yWithMorphologySequentialStreamDropoutDev_BaselineLanguage_Fast_SaveLast_NoFinePOS.py	Slovak	Slovak	REAL_REAL	1	1.40414352384	1.66179009933	987996847	5.46924627366
yWithMorphologySequentialStreamDropoutDev_BaselineLanguage_Fast_SaveLast_NoFinePOS.py	Slovak	Slovak	REAL_REAL	2	0.150785650497	1.66179009933	987996847	5.46924627366
yWithMorphologySequentialStreamDropoutDev_BaselineLanguage_Fast_SaveLast_NoFinePOS.py	Slovak	Slovak	REAL_REAL	3	0.0425184002886	1.66179009933	987996847	5.46924627366
yWithMorphologySequentialStreamDropoutDev_BaselineLanguage_Fast_SaveLast_NoFinePOS.py	Slovak	Slovak	REAL_REAL	4	0.0263989802909	1.66179009933	987996847	5.46924627366
yWithMorphologySequentialStreamDropoutDev_BaselineLanguage_Fast_SaveLast_NoFinePOS.py	Slovak	Slovak	REAL_REAL	5	0.0157523055191	1.66179009933	987996847	5.46924627366
yWithMorphologySequentialStreamDropoutDev_BaselineLanguage_Fast_SaveLast_NoFinePOS.py	Slovak	Slovak	REAL_REAL	6	0.00838767824924	1.66179009933	987996847	5.46924627366
yWithMorphologySequentialStreamDropoutDev_BaselineLanguage_Fast_SaveLast_NoFinePOS.py	Slovak	Slovak	REAL_REAL	7	0.00504770838235	1.66179009933	987996847	5.46924627366
yWithMorphologySequentialStreamDropoutDev_BaselineLanguage_Fast_SaveLast_NoFinePOS.py	Slovak	Slovak	REAL_REAL	8	0.00521218523587	1.66179009933	987996847	5.46924627366
yWithMorphologySequentialStreamDropoutDev_BaselineLanguage_Fast_SaveLast_NoFinePOS.py	Slovak	Slovak	REAL_REAL	9	0.00111070842776	1.66179009933	987996847	5.46924627366
yWithMorphologySequentialStreamDropoutDev_BaselineLanguage_Fast_SaveLast_NoFinePOS.py	Slovak	Slovak	REAL_REAL	10	0.000789961545435	1.66179009933	987996847	5.46924627366
yWithMorphologySequentialStreamDropoutDev_BaselineLanguage_Fast_SaveLast_NoFinePOS.py	Slovak	Slovak	REAL_REAL	11	0.000464792120947	1.66179009933	987996847	5.46924627366
yWithMorphologySequentialStreamDropoutDev_BaselineLanguage_Fast_SaveLast_NoFinePOS.py	Slovak	Slovak	REAL_REAL	12	0.000675242036989	1.66179009933	987996847	5.46924627366
yWithMorphologySequentialStreamDropoutDev_BaselineLanguage_Fast_SaveLast_NoFinePOS.py	Slovak	Slovak	REAL_REAL	13	0	1.66179009933	987996847	5.46924627366
yWithMorphologySequentialStreamDropoutDev_BaselineLanguage_Fast_SaveLast_NoFinePOS.py	Slovak	Slovak	REAL_REAL	14	0	1.66179009933	987996847	5.46924627366
yWithMorphologySequentialStreamDropoutDev_BaselineLanguage_Fast_SaveLast_NoFinePOS.py	Slovak	Slovak	REAL_REAL	15	0.000165444204252	1.66179009933	987996847	5.46924627366
yWithMorphologySequentialStreamDropoutDev_BaselineLanguage_Fast_SaveLast_NoFinePOS.py	Slovak	Slovak	REAL_REAL	16	0.000191124865454	1.66179009933	987996847	5.46924627366
yWithMorphologySequentialStreamDropoutDev_BaselineLanguage_Fast_SaveLast_NoFinePOS.py	Slovak	Slovak	REAL_REAL	17	0	1.66179009933	987996847	5.46924627366
yWithMorphologySequentialStreamDropoutDev_BaselineLanguage_Fast_SaveLast_NoFinePOS.py	Slovak	Slovak	REAL_REAL	18	0.000158446169879	1.66179009933	987996847	5.46924627366
yWithMorphologySequentialStreamDropoutDev_BaselineLanguage_Fast_SaveLast_NoFinePOS.py	Slovak	Slovak	REAL_REAL	19	0.000275469071245	1.66179009933	987996847	5.46924627366
yWithMorphologySequentialStreamDropoutDev_BaselineLanguage_Fast_SaveLast_NoFinePOS.py	Slovak	Slovak	RANDOM_BY_TYPE	1	1.38386140568	1.63932671755	3817280	5.49792970092
yWithMorphologySequentialStreamDropoutDev_BaselineLanguage_Fast_SaveLast_NoFinePOS.py	Slovak	Slovak	RANDOM_BY_TYPE	2	0.147923101628	1.63932671755	3817280	5.49792970092
yWithMorphologySequentialStreamDropoutDev_BaselineLanguage_Fast_SaveLast_NoFinePOS.py	Slovak	Slovak	RANDOM_BY_TYPE	3	0.0406548183667	1.63932671755	3817280	5.49792970092
yWithMorphologySequentialStreamDropoutDev_BaselineLanguage_Fast_SaveLast_NoFinePOS.py	Slovak	Slovak	RANDOM_BY_TYPE	4	0.0203916103464	1.63932671755	3817280	5.49792970092
yWithMorphologySequentialStreamDropoutDev_BaselineLanguage_Fast_SaveLast_NoFinePOS.py	Slovak	Slovak	RANDOM_BY_TYPE	5	0.0125072357998	1.63932671755	3817280	5.49792970092
yWithMorphologySequentialStreamDropoutDev_BaselineLanguage_Fast_SaveLast_NoFinePOS.py	Slovak	Slovak	RANDOM_BY_TYPE	6	0.01108707063	1.63932671755	3817280	5.49792970092
yWithMorphologySequentialStreamDropoutDev_BaselineLanguage_Fast_SaveLast_NoFinePOS.py	Slovak	Slovak	RANDOM_BY_TYPE	7	0.00793925531923	1.63932671755	3817280	5.49792970092
yWithMorphologySequentialStreamDropoutDev_BaselineLanguage_Fast_SaveLast_NoFinePOS.py	Slovak	Slovak	RANDOM_BY_TYPE	8	0.00257736105625	1.63932671755	3817280	5.49792970092
yWithMorphologySequentialStreamDropoutDev_BaselineLanguage_Fast_SaveLast_NoFinePOS.py	Slovak	Slovak	RANDOM_BY_TYPE	9	0.0033866984387	1.63932671755	3817280	5.49792970092
yWithMorphologySequentialStreamDropoutDev_BaselineLanguage_Fast_SaveLast_NoFinePOS.py	Slovak	Slovak	RANDOM_BY_TYPE	10	0.00310813449833	1.63932671755	3817280	5.49792970092
yWithMorphologySequentialStreamDropoutDev_BaselineLanguage_Fast_SaveLast_NoFinePOS.py	Slovak	Slovak	RANDOM_BY_TYPE	11	0.00222303924495	1.63932671755	3817280	5.49792970092
yWithMorphologySequentialStreamDropoutDev_BaselineLanguage_Fast_SaveLast_NoFinePOS.py	Slovak	Slovak	RANDOM_BY_TYPE	12	0.00133172747207	1.63932671755	3817280	5.49792970092
yWithMorphologySequentialStreamDropoutDev_BaselineLanguage_Fast_SaveLast_NoFinePOS.py	Slovak	Slovak	RANDOM_BY_TYPE	13	0.00125083723297	1.63932671755	3817280	5.49792970092
yWithMorphologySequentialStreamDropoutDev_BaselineLanguage_Fast_SaveLast_NoFinePOS.py	Slovak	Slovak	RANDOM_BY_TYPE	14	0.00023430928792	1.63932671755	3817280	5.49792970092
yWithMorphologySequentialStreamDropoutDev_BaselineLanguage_Fast_SaveLast_NoFinePOS.py	Slovak	Slovak	RANDOM_BY_TYPE	15	0.000605214213671	1.63932671755	3817280	5.49792970092
yWithMorphologySequentialStreamDropoutDev_BaselineLanguage_Fast_SaveLast_NoFinePOS.py	Slovak	Slovak	RANDOM_BY_TYPE	16	0	1.63932671755	3817280	5.49792970092
yWithMorphologySequentialStreamDropoutDev_BaselineLanguage_Fast_SaveLast_NoFinePOS.py	Slovak	Slovak	RANDOM_BY_TYPE	17	0.000386345590631	1.63932671755	3817280	5.49792970092
yWithMorphologySequentialStreamDropoutDev_BaselineLanguage_Fast_SaveLast_NoFinePOS.py	Slovak	Slovak	RANDOM_BY_TYPE	18	0	1.63932671755	3817280	5.49792970092
yWithMorphologySequentialStreamDropoutDev_BaselineLanguage_Fast_SaveLast_NoFinePOS.py	Slovak	Slovak	RANDOM_BY_TYPE	19	9.51446490745e-05	1.63932671755	3817280	5.49792970092
yWithMorphologySequentialStreamDropoutDev_BaselineLanguage_Fast_SaveLast_NoFinePOS.py	Slovak	Slovak	RANDOM_BY_TYPE	1	1.30224925982	1.57625820861	8362312	5.50774990577
yWithMorphologySequentialStreamDropoutDev_BaselineLanguage_Fast_SaveLast_NoFinePOS.py	Slovak	Slovak	RANDOM_BY_TYPE	2	0.166425080373	1.57625820861	8362312	5.50774990577
yWithMorphologySequentialStreamDropoutDev_BaselineLanguage_Fast_SaveLast_NoFinePOS.py	Slovak	Slovak	RANDOM_BY_TYPE	3	0.0454967498779	1.57625820861	8362312	5.50774990577
yWithMorphologySequentialStreamDropoutDev_BaselineLanguage_Fast_SaveLast_NoFinePOS.py	Slovak	Slovak	RANDOM_BY_TYPE	4	0.0232346534729	1.57625820861	8362312	5.50774990577
yWithMorphologySequentialStreamDropoutDev_BaselineLanguage_Fast_SaveLast_NoFinePOS.py	Slovak	Slovak	RANDOM_BY_TYPE	5	0.0135841863204	1.57625820861	8362312	5.50774990577
yWithMorphologySequentialStreamDropoutDev_BaselineLanguage_Fast_SaveLast_NoFinePOS.py	Slovak	Slovak	RANDOM_BY_TYPE	6	0.00818753593589	1.57625820861	8362312	5.50774990577
yWithMorphologySequentialStreamDropoutDev_BaselineLanguage_Fast_SaveLast_NoFinePOS.py	Slovak	Slovak	RANDOM_BY_TYPE	7	0.00573523134401	1.57625820861	8362312	5.50774990577
yWithMorphologySequentialStreamDropoutDev_BaselineLanguage_Fast_SaveLast_NoFinePOS.py	Slovak	Slovak	RANDOM_BY_TYPE	8	0.00185160310301	1.57625820861	8362312	5.50774990577
yWithMorphologySequentialStreamDropoutDev_BaselineLanguage_Fast_SaveLast_NoFinePOS.py	Slovak	Slovak	RANDOM_BY_TYPE	9	0.00210132227369	1.57625820861	8362312	5.50774990577
yWithMorphologySequentialStreamDropoutDev_BaselineLanguage_Fast_SaveLast_NoFinePOS.py	Slovak	Slovak	RANDOM_BY_TYPE	10	0.00203018021094	1.57625820861	8362312	5.50774990577
yWithMorphologySequentialStreamDropoutDev_BaselineLanguage_Fast_SaveLast_NoFinePOS.py	Slovak	Slovak	RANDOM_BY_TYPE	11	0.00215376190943	1.57625820861	8362312	5.50774990577
yWithMorphologySequentialStreamDropoutDev_BaselineLanguage_Fast_SaveLast_NoFinePOS.py	Slovak	Slovak	RANDOM_BY_TYPE	12	0.000789682260931	1.57625820861	8362312	5.50774990577
yWithMorphologySequentialStreamDropoutDev_BaselineLanguage_Fast_SaveLast_NoFinePOS.py	Slovak	Slovak	RANDOM_BY_TYPE	13	0.000854821972651	1.57625820861	8362312	5.50774990577
yWithMorphologySequentialStreamDropoutDev_BaselineLanguage_Fast_SaveLast_NoFinePOS.py	Slovak	Slovak	RANDOM_BY_TYPE	14	0.000758716953944	1.57625820861	8362312	5.50774990577
yWithMorphologySequentialStreamDropoutDev_BaselineLanguage_Fast_SaveLast_NoFinePOS.py	Slovak	Slovak	RANDOM_BY_TYPE	15	0.000214881807158	1.57625820861	8362312	5.50774990577
yWithMorphologySequentialStreamDropoutDev_BaselineLanguage_Fast_SaveLast_NoFinePOS.py	Slovak	Slovak	RANDOM_BY_TYPE	16	0.000477717306516	1.57625820861	8362312	5.50774990577
yWithMorphologySequentialStreamDropoutDev_BaselineLanguage_Fast_SaveLast_NoFinePOS.py	Slovak	Slovak	RANDOM_BY_TYPE	17	0	1.57625820861	8362312	5.50774990577
yWithMorphologySequentialStreamDropoutDev_BaselineLanguage_Fast_SaveLast_NoFinePOS.py	Slovak	Slovak	RANDOM_BY_TYPE	18	0	1.57625820861	8362312	5.50774990577
yWithMorphologySequentialStreamDropoutDev_BaselineLanguage_Fast_SaveLast_NoFinePOS.py	Slovak	Slovak	RANDOM_BY_TYPE	19	0.000451449417088	1.57625820861	8362312	5.50774990577
yWithMorphologySequentialStreamDropoutDev_BaselineLanguage_Fast_SaveLast_NoFinePOS.py	Slovak	Slovak	RANDOM_BY_TYPE	1	1.23527796024	1.55120247178	900944	5.43541112407
yWithMorphologySequentialStreamDropoutDev_BaselineLanguage_Fast_SaveLast_NoFinePOS.py	Slovak	Slovak	RANDOM_BY_TYPE	2	0.158163699998	1.55120247178	900944	5.43541112407
yWithMorphologySequentialStreamDropoutDev_BaselineLanguage_Fast_SaveLast_NoFinePOS.py	Slovak	Slovak	RANDOM_BY_TYPE	3	0.0600451545764	1.55120247178	900944	5.43541112407
yWithMorphologySequentialStreamDropoutDev_BaselineLanguage_Fast_SaveLast_NoFinePOS.py	Slovak	Slovak	RANDOM_BY_TYPE	4	0.0373829670557	1.55120247178	900944	5.43541112407
yWithMorphologySequentialStreamDropoutDev_BaselineLanguage_Fast_SaveLast_NoFinePOS.py	Slovak	Slovak	RANDOM_BY_TYPE	5	0.0226733195863	1.55120247178	900944	5.43541112407
yWithMorphologySequentialStreamDropoutDev_BaselineLanguage_Fast_SaveLast_NoFinePOS.py	Slovak	Slovak	RANDOM_BY_TYPE	6	0.00873946706726	1.55120247178	900944	5.43541112407
yWithMorphologySequentialStreamDropoutDev_BaselineLanguage_Fast_SaveLast_NoFinePOS.py	Slovak	Slovak	RANDOM_BY_TYPE	7	0.00529679672359	1.55120247178	900944	5.43541112407
yWithMorphologySequentialStreamDropoutDev_BaselineLanguage_Fast_SaveLast_NoFinePOS.py	Slovak	Slovak	RANDOM_BY_TYPE	8	0.00801868524453	1.55120247178	900944	5.43541112407
yWithMorphologySequentialStreamDropoutDev_BaselineLanguage_Fast_SaveLast_NoFinePOS.py	Slovak	Slovak	RANDOM_BY_TYPE	9	0.00637269583467	1.55120247178	900944	5.43541112407
yWithMorphologySequentialStreamDropoutDev_BaselineLanguage_Fast_SaveLast_NoFinePOS.py	Slovak	Slovak	RANDOM_BY_TYPE	10	0.0010987765985	1.55120247178	900944	5.43541112407
yWithMorphologySequentialStreamDropoutDev_BaselineLanguage_Fast_SaveLast_NoFinePOS.py	Slovak	Slovak	RANDOM_BY_TYPE	11	0.00144531151203	1.55120247178	900944	5.43541112407
yWithMorphologySequentialStreamDropoutDev_BaselineLanguage_Fast_SaveLast_NoFinePOS.py	Slovak	Slovak	RANDOM_BY_TYPE	12	0.00170541650628	1.55120247178	900944	5.43541112407
yWithMorphologySequentialStreamDropoutDev_BaselineLanguage_Fast_SaveLast_NoFinePOS.py	Slovak	Slovak	RANDOM_BY_TYPE	13	0.00269478469679	1.55120247178	900944	5.43541112407
yWithMorphologySequentialStreamDropoutDev_BaselineLanguage_Fast_SaveLast_NoFinePOS.py	Slovak	Slovak	RANDOM_BY_TYPE	14	0.00113223897268	1.55120247178	900944	5.43541112407
yWithMorphologySequentialStreamDropoutDev_BaselineLanguage_Fast_SaveLast_NoFinePOS.py	Slovak	Slovak	RANDOM_BY_TYPE	15	0.000350507236507	1.55120247178	900944	5.43541112407
yWithMorphologySequentialStreamDropoutDev_BaselineLanguage_Fast_SaveLast_NoFinePOS.py	Slovak	Slovak	RANDOM_BY_TYPE	16	0.000143807963149	1.55120247178	900944	5.43541112407
yWithMorphologySequentialStreamDropoutDev_BaselineLanguage_Fast_SaveLast_NoFinePOS.py	Slovak	Slovak	RANDOM_BY_TYPE	17	0.000706975509043	1.55120247178	900944	5.43541112407
yWithMorphologySequentialStreamDropoutDev_BaselineLanguage_Fast_SaveLast_NoFinePOS.py	Slovak	Slovak	RANDOM_BY_TYPE	18	0.000267056732962	1.55120247178	900944	5.43541112407
yWithMorphologySequentialStreamDropoutDev_BaselineLanguage_Fast_SaveLast_NoFinePOS.py	Slovak	Slovak	RANDOM_BY_TYPE	19	0	1.55120247178	900944	5.43541112407
yWithMorphologySequentialStreamDropoutDev_BaselineLanguage_Fast_SaveLast_NoFinePOS.py	Slovak	Slovak	RANDOM_BY_TYPE	1	1.40474223703	1.66251615086	6296297	5.48822380611
yWithMorphologySequentialStreamDropoutDev_BaselineLanguage_Fast_SaveLast_NoFinePOS.py	Slovak	Slovak	RANDOM_BY_TYPE	2	0.164636787241	1.66251615086	6296297	5.48822380611
yWithMorphologySequentialStreamDropoutDev_BaselineLanguage_Fast_SaveLast_NoFinePOS.py	Slovak	Slovak	RANDOM_BY_TYPE	3	0.0460807365506	1.66251615086	6296297	5.48822380611
yWithMorphologySequentialStreamDropoutDev_BaselineLanguage_Fast_SaveLast_NoFinePOS.py	Slovak	Slovak	RANDOM_BY_TYPE	4	0.0174444390078	1.66251615086	6296297	5.48822380611
yWithMorphologySequentialStreamDropoutDev_BaselineLanguage_Fast_SaveLast_NoFinePOS.py	Slovak	Slovak	RANDOM_BY_TYPE	5	0.0110248245605	1.66251615086	6296297	5.48822380611
yWithMorphologySequentialStreamDropoutDev_BaselineLanguage_Fast_SaveLast_NoFinePOS.py	Slovak	Slovak	RANDOM_BY_TYPE	6	0.00791560431866	1.66251615086	6296297	5.48822380611
yWithMorphologySequentialStreamDropoutDev_BaselineLanguage_Fast_SaveLast_NoFinePOS.py	Slovak	Slovak	RANDOM_BY_TYPE	7	0.0028180448568	1.66251615086	6296297	5.48822380611
yWithMorphologySequentialStreamDropoutDev_BaselineLanguage_Fast_SaveLast_NoFinePOS.py	Slovak	Slovak	RANDOM_BY_TYPE	8	0.00221742301771	1.66251615086	6296297	5.48822380611
yWithMorphologySequentialStreamDropoutDev_BaselineLanguage_Fast_SaveLast_NoFinePOS.py	Slovak	Slovak	RANDOM_BY_TYPE	9	0.00166597268353	1.66251615086	6296297	5.48822380611
yWithMorphologySequentialStreamDropoutDev_BaselineLanguage_Fast_SaveLast_NoFinePOS.py	Slovak	Slovak	RANDOM_BY_TYPE	10	0.00117735274851	1.66251615086	6296297	5.48822380611
yWithMorphologySequentialStreamDropoutDev_BaselineLanguage_Fast_SaveLast_NoFinePOS.py	Slovak	Slovak	RANDOM_BY_TYPE	11	0.0022182821411	1.66251615086	6296297	5.48822380611
yWithMorphologySequentialStreamDropoutDev_BaselineLanguage_Fast_SaveLast_NoFinePOS.py	Slovak	Slovak	RANDOM_BY_TYPE	12	6.83263556596e-05	1.66251615086	6296297	5.48822380611
yWithMorphologySequentialStreamDropoutDev_BaselineLanguage_Fast_SaveLast_NoFinePOS.py	Slovak	Slovak	RANDOM_BY_TYPE	13	0.000436031532614	1.66251615086	6296297	5.48822380611
yWithMorphologySequentialStreamDropoutDev_BaselineLanguage_Fast_SaveLast_NoFinePOS.py	Slovak	Slovak	RANDOM_BY_TYPE	14	0.000172538871634	1.66251615086	6296297	5.48822380611
yWithMorphologySequentialStreamDropoutDev_BaselineLanguage_Fast_SaveLast_NoFinePOS.py	Slovak	Slovak	RANDOM_BY_TYPE	15	0.000192091154725	1.66251615086	6296297	5.48822380611
yWithMorphologySequentialStreamDropoutDev_BaselineLanguage_Fast_SaveLast_NoFinePOS.py	Slovak	Slovak	RANDOM_BY_TYPE	16	6.92312031578e-05	1.66251615086	6296297	5.48822380611
yWithMorphologySequentialStreamDropoutDev_BaselineLanguage_Fast_SaveLast_NoFinePOS.py	Slovak	Slovak	RANDOM_BY_TYPE	17	0.000123554182379	1.66251615086	6296297	5.48822380611
yWithMorphologySequentialStreamDropoutDev_BaselineLanguage_Fast_SaveLast_NoFinePOS.py	Slovak	Slovak	RANDOM_BY_TYPE	18	0	1.66251615086	6296297	5.48822380611
yWithMorphologySequentialStreamDropoutDev_BaselineLanguage_Fast_SaveLast_NoFinePOS.py	Slovak	Slovak	RANDOM_BY_TYPE	19	0	1.66251615086	6296297	5.48822380611
yWithMorphologySequentialStreamDropoutDev_BaselineLanguage_Fast_SaveLast_NoFinePOS.py	Slovak	Slovak	RANDOM_BY_TYPE	1	1.38148466247	1.62082825736	5607443	5.46448943803
yWithMorphologySequentialStreamDropoutDev_BaselineLanguage_Fast_SaveLast_NoFinePOS.py	Slovak	Slovak	RANDOM_BY_TYPE	2	0.128938810711	1.62082825736	5607443	5.46448943803
yWithMorphologySequentialStreamDropoutDev_BaselineLanguage_Fast_SaveLast_NoFinePOS.py	Slovak	Slovak	RANDOM_BY_TYPE	3	0.0405868914029	1.62082825736	5607443	5.46448943803
yWithMorphologySequentialStreamDropoutDev_BaselineLanguage_Fast_SaveLast_NoFinePOS.py	Slovak	Slovak	RANDOM_BY_TYPE	4	0.0196232382565	1.62082825736	5607443	5.46448943803
yWithMorphologySequentialStreamDropoutDev_BaselineLanguage_Fast_SaveLast_NoFinePOS.py	Slovak	Slovak	RANDOM_BY_TYPE	5	0.0146499714215	1.62082825736	5607443	5.46448943803
yWithMorphologySequentialStreamDropoutDev_BaselineLanguage_Fast_SaveLast_NoFinePOS.py	Slovak	Slovak	RANDOM_BY_TYPE	6	0.00998176021935	1.62082825736	5607443	5.46448943803
yWithMorphologySequentialStreamDropoutDev_BaselineLanguage_Fast_SaveLast_NoFinePOS.py	Slovak	Slovak	RANDOM_BY_TYPE	7	0.00829519249805	1.62082825736	5607443	5.46448943803
yWithMorphologySequentialStreamDropoutDev_BaselineLanguage_Fast_SaveLast_NoFinePOS.py	Slovak	Slovak	RANDOM_BY_TYPE	8	0.00479212403297	1.62082825736	5607443	5.46448943803
yWithMorphologySequentialStreamDropoutDev_BaselineLanguage_Fast_SaveLast_NoFinePOS.py	Slovak	Slovak	RANDOM_BY_TYPE	9	0.00195538389356	1.62082825736	5607443	5.46448943803
yWithMorphologySequentialStreamDropoutDev_BaselineLanguage_Fast_SaveLast_NoFinePOS.py	Slovak	Slovak	RANDOM_BY_TYPE	10	0.00305269491183	1.62082825736	5607443	5.46448943803
yWithMorphologySequentialStreamDropoutDev_BaselineLanguage_Fast_SaveLast_NoFinePOS.py	Slovak	Slovak	RANDOM_BY_TYPE	11	0.00266051333245	1.62082825736	5607443	5.46448943803
yWithMorphologySequentialStreamDropoutDev_BaselineLanguage_Fast_SaveLast_NoFinePOS.py	Slovak	Slovak	RANDOM_BY_TYPE	12	0.00142823139282	1.62082825736	5607443	5.46448943803
yWithMorphologySequentialStreamDropoutDev_BaselineLanguage_Fast_SaveLast_NoFinePOS.py	Slovak	Slovak	RANDOM_BY_TYPE	13	0.00140198922321	1.62082825736	5607443	5.46448943803
yWithMorphologySequentialStreamDropoutDev_BaselineLanguage_Fast_SaveLast_NoFinePOS.py	Slovak	Slovak	RANDOM_BY_TYPE	14	0.000922302922157	1.62082825736	5607443	5.46448943803
yWithMorphologySequentialStreamDropoutDev_BaselineLanguage_Fast_SaveLast_NoFinePOS.py	Slovak	Slovak	RANDOM_BY_TYPE	15	0	1.62082825736	5607443	5.46448943803
yWithMorphologySequentialStreamDropoutDev_BaselineLanguage_Fast_SaveLast_NoFinePOS.py	Slovak	Slovak	RANDOM_BY_TYPE	16	0.000342379000089	1.62082825736	5607443	5.46448943803
yWithMorphologySequentialStreamDropoutDev_BaselineLanguage_Fast_SaveLast_NoFinePOS.py	Slovak	Slovak	RANDOM_BY_TYPE	17	0.00072000500274	1.62082825736	5607443	5.46448943803
yWithMorphologySequentialStreamDropoutDev_BaselineLanguage_Fast_SaveLast_NoFinePOS.py	Slovak	Slovak	RANDOM_BY_TYPE	18	0	1.62082825736	5607443	5.46448943803
yWithMorphologySequentialStreamDropoutDev_BaselineLanguage_Fast_SaveLast_NoFinePOS.py	Slovak	Slovak	RANDOM_BY_TYPE	19	0.000124640374968	1.62082825736	5607443	5.46448943803
yWithMorphologySequentialStreamDropoutDev_BaselineLanguage_Fast_SaveLast_NoFinePOS.py	Slovak	Slovak	RANDOM_BY_TYPE	1	1.33183922633	1.6469102123	362781811	5.4821093089
yWithMorphologySequentialStreamDropoutDev_BaselineLanguage_Fast_SaveLast_NoFinePOS.py	Slovak	Slovak	RANDOM_BY_TYPE	2	0.160331454791	1.6469102123	362781811	5.4821093089
yWithMorphologySequentialStreamDropoutDev_BaselineLanguage_Fast_SaveLast_NoFinePOS.py	Slovak	Slovak	RANDOM_BY_TYPE	3	0.0629516315379	1.6469102123	362781811	5.4821093089
yWithMorphologySequentialStreamDropoutDev_BaselineLanguage_Fast_SaveLast_NoFinePOS.py	Slovak	Slovak	RANDOM_BY_TYPE	4	0.0309198364411	1.6469102123	362781811	5.4821093089
yWithMorphologySequentialStreamDropoutDev_BaselineLanguage_Fast_SaveLast_NoFinePOS.py	Slovak	Slovak	RANDOM_BY_TYPE	5	0.0185911482736	1.6469102123	362781811	5.4821093089
yWithMorphologySequentialStreamDropoutDev_BaselineLanguage_Fast_SaveLast_NoFinePOS.py	Slovak	Slovak	RANDOM_BY_TYPE	6	0.012252210346	1.6469102123	362781811	5.4821093089
yWithMorphologySequentialStreamDropoutDev_BaselineLanguage_Fast_SaveLast_NoFinePOS.py	Slovak	Slovak	RANDOM_BY_TYPE	7	0.00617261226863	1.6469102123	362781811	5.4821093089
yWithMorphologySequentialStreamDropoutDev_BaselineLanguage_Fast_SaveLast_NoFinePOS.py	Slovak	Slovak	RANDOM_BY_TYPE	8	0.00756435831116	1.6469102123	362781811	5.4821093089
yWithMorphologySequentialStreamDropoutDev_BaselineLanguage_Fast_SaveLast_NoFinePOS.py	Slovak	Slovak	RANDOM_BY_TYPE	9	0.00613736571514	1.6469102123	362781811	5.4821093089
yWithMorphologySequentialStreamDropoutDev_BaselineLanguage_Fast_SaveLast_NoFinePOS.py	Slovak	Slovak	RANDOM_BY_TYPE	10	0.00243938924515	1.6469102123	362781811	5.4821093089
yWithMorphologySequentialStreamDropoutDev_BaselineLanguage_Fast_SaveLast_NoFinePOS.py	Slovak	Slovak	RANDOM_BY_TYPE	11	0.00196481579787	1.6469102123	362781811	5.4821093089
yWithMorphologySequentialStreamDropoutDev_BaselineLanguage_Fast_SaveLast_NoFinePOS.py	Slovak	Slovak	RANDOM_BY_TYPE	12	0.00205621923486	1.6469102123	362781811	5.4821093089
yWithMorphologySequentialStreamDropoutDev_BaselineLanguage_Fast_SaveLast_NoFinePOS.py	Slovak	Slovak	RANDOM_BY_TYPE	13	0.00192261926115	1.6469102123	362781811	5.4821093089
yWithMorphologySequentialStreamDropoutDev_BaselineLanguage_Fast_SaveLast_NoFinePOS.py	Slovak	Slovak	RANDOM_BY_TYPE	14	0.00109129074502	1.6469102123	362781811	5.4821093089
yWithMorphologySequentialStreamDropoutDev_BaselineLanguage_Fast_SaveLast_NoFinePOS.py	Slovak	Slovak	RANDOM_BY_TYPE	15	0.000698768888435	1.6469102123	362781811	5.4821093089
yWithMorphologySequentialStreamDropoutDev_BaselineLanguage_Fast_SaveLast_NoFinePOS.py	Slovak	Slovak	RANDOM_BY_TYPE	16	0.000239769277507	1.6469102123	362781811	5.4821093089
yWithMorphologySequentialStreamDropoutDev_BaselineLanguage_Fast_SaveLast_NoFinePOS.py	Slovak	Slovak	RANDOM_BY_TYPE	17	0	1.6469102123	362781811	5.4821093089
yWithMorphologySequentialStreamDropoutDev_BaselineLanguage_Fast_SaveLast_NoFinePOS.py	Slovak	Slovak	RANDOM_BY_TYPE	18	0	1.6469102123	362781811	5.4821093089
yWithMorphologySequentialStreamDropoutDev_BaselineLanguage_Fast_SaveLast_NoFinePOS.py	Slovak	Slovak	RANDOM_BY_TYPE	19	0	1.6469102123	362781811	5.4821093089
yWithMorphologySequentialStreamDropoutDev_BaselineLanguage_Fast_SaveLast_NoFinePOS.py	Slovak	Slovak	RANDOM_BY_TYPE	1	1.49718464401	1.73149989692	7899956	5.5277994389
yWithMorphologySequentialStreamDropoutDev_BaselineLanguage_Fast_SaveLast_NoFinePOS.py	Slovak	Slovak	RANDOM_BY_TYPE	2	0.143220964442	1.73149989692	7899956	5.5277994389
yWithMorphologySequentialStreamDropoutDev_BaselineLanguage_Fast_SaveLast_NoFinePOS.py	Slovak	Slovak	RANDOM_BY_TYPE	3	0.0474490178774	1.73149989692	7899956	5.5277994389
yWithMorphologySequentialStreamDropoutDev_BaselineLanguage_Fast_SaveLast_NoFinePOS.py	Slovak	Slovak	RANDOM_BY_TYPE	4	0.0168829809313	1.73149989692	7899956	5.5277994389
yWithMorphologySequentialStreamDropoutDev_BaselineLanguage_Fast_SaveLast_NoFinePOS.py	Slovak	Slovak	RANDOM_BY_TYPE	5	0.0104270510069	1.73149989692	7899956	5.5277994389
yWithMorphologySequentialStreamDropoutDev_BaselineLanguage_Fast_SaveLast_NoFinePOS.py	Slovak	Slovak	RANDOM_BY_TYPE	6	0.00528458230299	1.73149989692	7899956	5.5277994389
yWithMorphologySequentialStreamDropoutDev_BaselineLanguage_Fast_SaveLast_NoFinePOS.py	Slovak	Slovak	RANDOM_BY_TYPE	7	0.00348878809034	1.73149989692	7899956	5.5277994389
yWithMorphologySequentialStreamDropoutDev_BaselineLanguage_Fast_SaveLast_NoFinePOS.py	Slovak	Slovak	RANDOM_BY_TYPE	8	0.00302435343396	1.73149989692	7899956	5.5277994389
yWithMorphologySequentialStreamDropoutDev_BaselineLanguage_Fast_SaveLast_NoFinePOS.py	Slovak	Slovak	RANDOM_BY_TYPE	9	0	1.73149989692	7899956	5.5277994389
yWithMorphologySequentialStreamDropoutDev_BaselineLanguage_Fast_SaveLast_NoFinePOS.py	Slovak	Slovak	RANDOM_BY_TYPE	10	0.00195976340607	1.73149989692	7899956	5.5277994389
yWithMorphologySequentialStreamDropoutDev_BaselineLanguage_Fast_SaveLast_NoFinePOS.py	Slovak	Slovak	RANDOM_BY_TYPE	11	0.000556546735437	1.73149989692	7899956	5.5277994389
yWithMorphologySequentialStreamDropoutDev_BaselineLanguage_Fast_SaveLast_NoFinePOS.py	Slovak	Slovak	RANDOM_BY_TYPE	12	0.00146343601893	1.73149989692	7899956	5.5277994389
yWithMorphologySequentialStreamDropoutDev_BaselineLanguage_Fast_SaveLast_NoFinePOS.py	Slovak	Slovak	RANDOM_BY_TYPE	13	0.000500035040999	1.73149989692	7899956	5.5277994389
yWithMorphologySequentialStreamDropoutDev_BaselineLanguage_Fast_SaveLast_NoFinePOS.py	Slovak	Slovak	RANDOM_BY_TYPE	14	0	1.73149989692	7899956	5.5277994389
yWithMorphologySequentialStreamDropoutDev_BaselineLanguage_Fast_SaveLast_NoFinePOS.py	Slovak	Slovak	RANDOM_BY_TYPE	15	0.000385213061555	1.73149989692	7899956	5.5277994389
yWithMorphologySequentialStreamDropoutDev_BaselineLanguage_Fast_SaveLast_NoFinePOS.py	Slovak	Slovak	RANDOM_BY_TYPE	16	0.000350785990284	1.73149989692	7899956	5.5277994389
yWithMorphologySequentialStreamDropoutDev_BaselineLanguage_Fast_SaveLast_NoFinePOS.py	Slovak	Slovak	RANDOM_BY_TYPE	17	0	1.73149989692	7899956	5.5277994389
yWithMorphologySequentialStreamDropoutDev_BaselineLanguage_Fast_SaveLast_NoFinePOS.py	Slovak	Slovak	RANDOM_BY_TYPE	18	0.000226672748997	1.73149989692	7899956	5.5277994389
yWithMorphologySequentialStreamDropoutDev_BaselineLanguage_Fast_SaveLast_NoFinePOS.py	Slovak	Slovak	RANDOM_BY_TYPE	19	6.51822922979e-05	1.73149989692	7899956	5.5277994389
yWithMorphologySequentialStreamDropoutDev_BaselineLanguage_Fast_SaveLast_NoFinePOS.py	Slovak	Slovak	RANDOM_BY_TYPE	1	1.25516338426	1.55645106872	9693759	5.47034718019
yWithMorphologySequentialStreamDropoutDev_BaselineLanguage_Fast_SaveLast_NoFinePOS.py	Slovak	Slovak	RANDOM_BY_TYPE	2	0.159780683011	1.55645106872	9693759	5.47034718019
yWithMorphologySequentialStreamDropoutDev_BaselineLanguage_Fast_SaveLast_NoFinePOS.py	Slovak	Slovak	RANDOM_BY_TYPE	3	0.065596466685	1.55645106872	9693759	5.47034718019
yWithMorphologySequentialStreamDropoutDev_BaselineLanguage_Fast_SaveLast_NoFinePOS.py	Slovak	Slovak	RANDOM_BY_TYPE	4	0.0294977204032	1.55645106872	9693759	5.47034718019
yWithMorphologySequentialStreamDropoutDev_BaselineLanguage_Fast_SaveLast_NoFinePOS.py	Slovak	Slovak	RANDOM_BY_TYPE	5	0.0174893774807	1.55645106872	9693759	5.47034718019
yWithMorphologySequentialStreamDropoutDev_BaselineLanguage_Fast_SaveLast_NoFinePOS.py	Slovak	Slovak	RANDOM_BY_TYPE	6	0.00715522145572	1.55645106872	9693759	5.47034718019
yWithMorphologySequentialStreamDropoutDev_BaselineLanguage_Fast_SaveLast_NoFinePOS.py	Slovak	Slovak	RANDOM_BY_TYPE	7	0.00720088388005	1.55645106872	9693759	5.47034718019
yWithMorphologySequentialStreamDropoutDev_BaselineLanguage_Fast_SaveLast_NoFinePOS.py	Slovak	Slovak	RANDOM_BY_TYPE	8	0.00359511848998	1.55645106872	9693759	5.47034718019
yWithMorphologySequentialStreamDropoutDev_BaselineLanguage_Fast_SaveLast_NoFinePOS.py	Slovak	Slovak	RANDOM_BY_TYPE	9	0.00301649276524	1.55645106872	9693759	5.47034718019
yWithMorphologySequentialStreamDropoutDev_BaselineLanguage_Fast_SaveLast_NoFinePOS.py	Slovak	Slovak	RANDOM_BY_TYPE	10	0.00085636356922	1.55645106872	9693759	5.47034718019
yWithMorphologySequentialStreamDropoutDev_BaselineLanguage_Fast_SaveLast_NoFinePOS.py	Slovak	Slovak	RANDOM_BY_TYPE	11	0.00306918025017	1.55645106872	9693759	5.47034718019
yWithMorphologySequentialStreamDropoutDev_BaselineLanguage_Fast_SaveLast_NoFinePOS.py	Slovak	Slovak	RANDOM_BY_TYPE	12	0.00130495465782	1.55645106872	9693759	5.47034718019
yWithMorphologySequentialStreamDropoutDev_BaselineLanguage_Fast_SaveLast_NoFinePOS.py	Slovak	Slovak	RANDOM_BY_TYPE	13	0.000551541782405	1.55645106872	9693759	5.47034718019
yWithMorphologySequentialStreamDropoutDev_BaselineLanguage_Fast_SaveLast_NoFinePOS.py	Slovak	Slovak	RANDOM_BY_TYPE	14	0.000801574693967	1.55645106872	9693759	5.47034718019
yWithMorphologySequentialStreamDropoutDev_BaselineLanguage_Fast_SaveLast_NoFinePOS.py	Slovak	Slovak	RANDOM_BY_TYPE	15	0.000850444583044	1.55645106872	9693759	5.47034718019
yWithMorphologySequentialStreamDropoutDev_BaselineLanguage_Fast_SaveLast_NoFinePOS.py	Slovak	Slovak	RANDOM_BY_TYPE	16	0.000567978293929	1.55645106872	9693759	5.47034718019
yWithMorphologySequentialStreamDropoutDev_BaselineLanguage_Fast_SaveLast_NoFinePOS.py	Slovak	Slovak	RANDOM_BY_TYPE	17	0	1.55645106872	9693759	5.47034718019
yWithMorphologySequentialStreamDropoutDev_BaselineLanguage_Fast_SaveLast_NoFinePOS.py	Slovak	Slovak	RANDOM_BY_TYPE	18	0.00017169097515	1.55645106872	9693759	5.47034718019
yWithMorphologySequentialStreamDropoutDev_BaselineLanguage_Fast_SaveLast_NoFinePOS.py	Slovak	Slovak	RANDOM_BY_TYPE	19	6.46817765824e-05	1.55645106872	9693759	5.47034718019
yWithMorphologySequentialStreamDropoutDev_BaselineLanguage_Fast_SaveLast_NoFinePOS.py	Slovak	Slovak	RANDOM_BY_TYPE	1	1.40331229784	1.62487823845	9747369	5.4694909188
yWithMorphologySequentialStreamDropoutDev_BaselineLanguage_Fast_SaveLast_NoFinePOS.py	Slovak	Slovak	RANDOM_BY_TYPE	2	0.121410184241	1.62487823845	9747369	5.4694909188
yWithMorphologySequentialStreamDropoutDev_BaselineLanguage_Fast_SaveLast_NoFinePOS.py	Slovak	Slovak	RANDOM_BY_TYPE	3	0.0335298221405	1.62487823845	9747369	5.4694909188
yWithMorphologySequentialStreamDropoutDev_BaselineLanguage_Fast_SaveLast_NoFinePOS.py	Slovak	Slovak	RANDOM_BY_TYPE	4	0.0199167037663	1.62487823845	9747369	5.4694909188
yWithMorphologySequentialStreamDropoutDev_BaselineLanguage_Fast_SaveLast_NoFinePOS.py	Slovak	Slovak	RANDOM_BY_TYPE	5	0.0114226355128	1.62487823845	9747369	5.4694909188
yWithMorphologySequentialStreamDropoutDev_BaselineLanguage_Fast_SaveLast_NoFinePOS.py	Slovak	Slovak	RANDOM_BY_TYPE	6	0.0062113508378	1.62487823845	9747369	5.4694909188
yWithMorphologySequentialStreamDropoutDev_BaselineLanguage_Fast_SaveLast_NoFinePOS.py	Slovak	Slovak	RANDOM_BY_TYPE	7	0.00732853718816	1.62487823845	9747369	5.4694909188
yWithMorphologySequentialStreamDropoutDev_BaselineLanguage_Fast_SaveLast_NoFinePOS.py	Slovak	Slovak	RANDOM_BY_TYPE	8	0.007980055066	1.62487823845	9747369	5.4694909188
yWithMorphologySequentialStreamDropoutDev_BaselineLanguage_Fast_SaveLast_NoFinePOS.py	Slovak	Slovak	RANDOM_BY_TYPE	9	0.00365789606147	1.62487823845	9747369	5.4694909188
yWithMorphologySequentialStreamDropoutDev_BaselineLanguage_Fast_SaveLast_NoFinePOS.py	Slovak	Slovak	RANDOM_BY_TYPE	10	0.00275085094857	1.62487823845	9747369	5.4694909188
yWithMorphologySequentialStreamDropoutDev_BaselineLanguage_Fast_SaveLast_NoFinePOS.py	Slovak	Slovak	RANDOM_BY_TYPE	11	0.00140342300069	1.62487823845	9747369	5.4694909188
yWithMorphologySequentialStreamDropoutDev_BaselineLanguage_Fast_SaveLast_NoFinePOS.py	Slovak	Slovak	RANDOM_BY_TYPE	12	0.000830826816494	1.62487823845	9747369	5.4694909188
yWithMorphologySequentialStreamDropoutDev_BaselineLanguage_Fast_SaveLast_NoFinePOS.py	Slovak	Slovak	RANDOM_BY_TYPE	13	0.00154846747444	1.62487823845	9747369	5.4694909188
yWithMorphologySequentialStreamDropoutDev_BaselineLanguage_Fast_SaveLast_NoFinePOS.py	Slovak	Slovak	RANDOM_BY_TYPE	14	0.000953165798971	1.62487823845	9747369	5.4694909188
yWithMorphologySequentialStreamDropoutDev_BaselineLanguage_Fast_SaveLast_NoFinePOS.py	Slovak	Slovak	RANDOM_BY_TYPE	15	0.00178671756836	1.62487823845	9747369	5.4694909188
yWithMorphologySequentialStreamDropoutDev_BaselineLanguage_Fast_SaveLast_NoFinePOS.py	Slovak	Slovak	RANDOM_BY_TYPE	16	0.000132274301085	1.62487823845	9747369	5.4694909188
yWithMorphologySequentialStreamDropoutDev_BaselineLanguage_Fast_SaveLast_NoFinePOS.py	Slovak	Slovak	RANDOM_BY_TYPE	17	0.00077645178527	1.62487823845	9747369	5.4694909188
yWithMorphologySequentialStreamDropoutDev_BaselineLanguage_Fast_SaveLast_NoFinePOS.py	Slovak	Slovak	RANDOM_BY_TYPE	18	0	1.62487823845	9747369	5.4694909188
yWithMorphologySequentialStreamDropoutDev_BaselineLanguage_Fast_SaveLast_NoFinePOS.py	Slovak	Slovak	RANDOM_BY_TYPE	19	1.5529826896e-05	1.62487823845	9747369	5.4694909188
yWithMorphologySequentialStreamDropoutDev_BaselineLanguage_Fast_SaveLast_NoFinePOS.py	Slovak	Slovak	RANDOM_BY_TYPE	1	1.24570362605	1.54676294241	4692494	5.47344376727
yWithMorphologySequentialStreamDropoutDev_BaselineLanguage_Fast_SaveLast_NoFinePOS.py	Slovak	Slovak	RANDOM_BY_TYPE	2	0.186420942618	1.54676294241	4692494	5.47344376727
yWithMorphologySequentialStreamDropoutDev_BaselineLanguage_Fast_SaveLast_NoFinePOS.py	Slovak	Slovak	RANDOM_BY_TYPE	3	0.0431618039739	1.54676294241	4692494	5.47344376727
yWithMorphologySequentialStreamDropoutDev_BaselineLanguage_Fast_SaveLast_NoFinePOS.py	Slovak	Slovak	RANDOM_BY_TYPE	4	0.0202107303763	1.54676294241	4692494	5.47344376727
yWithMorphologySequentialStreamDropoutDev_BaselineLanguage_Fast_SaveLast_NoFinePOS.py	Slovak	Slovak	RANDOM_BY_TYPE	5	0.0156045914921	1.54676294241	4692494	5.47344376727
yWithMorphologySequentialStreamDropoutDev_BaselineLanguage_Fast_SaveLast_NoFinePOS.py	Slovak	Slovak	RANDOM_BY_TYPE	6	0.00985582221861	1.54676294241	4692494	5.47344376727
yWithMorphologySequentialStreamDropoutDev_BaselineLanguage_Fast_SaveLast_NoFinePOS.py	Slovak	Slovak	RANDOM_BY_TYPE	7	0.00720898484531	1.54676294241	4692494	5.47344376727
yWithMorphologySequentialStreamDropoutDev_BaselineLanguage_Fast_SaveLast_NoFinePOS.py	Slovak	Slovak	RANDOM_BY_TYPE	8	0.00383008232672	1.54676294241	4692494	5.47344376727
yWithMorphologySequentialStreamDropoutDev_BaselineLanguage_Fast_SaveLast_NoFinePOS.py	Slovak	Slovak	RANDOM_BY_TYPE	9	0.00353934699542	1.54676294241	4692494	5.47344376727
yWithMorphologySequentialStreamDropoutDev_BaselineLanguage_Fast_SaveLast_NoFinePOS.py	Slovak	Slovak	RANDOM_BY_TYPE	10	0.00240278162368	1.54676294241	4692494	5.47344376727
yWithMorphologySequentialStreamDropoutDev_BaselineLanguage_Fast_SaveLast_NoFinePOS.py	Slovak	Slovak	RANDOM_BY_TYPE	11	0.00146532503709	1.54676294241	4692494	5.47344376727
yWithMorphologySequentialStreamDropoutDev_BaselineLanguage_Fast_SaveLast_NoFinePOS.py	Slovak	Slovak	RANDOM_BY_TYPE	12	0.00143364986328	1.54676294241	4692494	5.47344376727
yWithMorphologySequentialStreamDropoutDev_BaselineLanguage_Fast_SaveLast_NoFinePOS.py	Slovak	Slovak	RANDOM_BY_TYPE	13	0.00148234693971	1.54676294241	4692494	5.47344376727
yWithMorphologySequentialStreamDropoutDev_BaselineLanguage_Fast_SaveLast_NoFinePOS.py	Slovak	Slovak	RANDOM_BY_TYPE	14	0.000620136726392	1.54676294241	4692494	5.47344376727
yWithMorphologySequentialStreamDropoutDev_BaselineLanguage_Fast_SaveLast_NoFinePOS.py	Slovak	Slovak	RANDOM_BY_TYPE	15	0.00103386795684	1.54676294241	4692494	5.47344376727
yWithMorphologySequentialStreamDropoutDev_BaselineLanguage_Fast_SaveLast_NoFinePOS.py	Slovak	Slovak	RANDOM_BY_TYPE	16	0.000739756226539	1.54676294241	4692494	5.47344376727
yWithMorphologySequentialStreamDropoutDev_BaselineLanguage_Fast_SaveLast_NoFinePOS.py	Slovak	Slovak	RANDOM_BY_TYPE	17	0.000441480213649	1.54676294241	4692494	5.47344376727
yWithMorphologySequentialStreamDropoutDev_BaselineLanguage_Fast_SaveLast_NoFinePOS.py	Slovak	Slovak	RANDOM_BY_TYPE	18	0.000935926461873	1.54676294241	4692494	5.47344376727
yWithMorphologySequentialStreamDropoutDev_BaselineLanguage_Fast_SaveLast_NoFinePOS.py	Slovak	Slovak	RANDOM_BY_TYPE	19	0.000671740468234	1.54676294241	4692494	5.47344376727
yWithMorphologySequentialStreamDropoutDev_BaselineLanguage_Fast_SaveLast_NoFinePOS.py	Slovak	Slovak	RANDOM_BY_TYPE	1	1.17049970651	1.50811053923	5696010	5.48773152579
yWithMorphologySequentialStreamDropoutDev_BaselineLanguage_Fast_SaveLast_NoFinePOS.py	Slovak	Slovak	RANDOM_BY_TYPE	2	0.162225128812	1.50811053923	5696010	5.48773152579
yWithMorphologySequentialStreamDropoutDev_BaselineLanguage_Fast_SaveLast_NoFinePOS.py	Slovak	Slovak	RANDOM_BY_TYPE	3	0.0638454474815	1.50811053923	5696010	5.48773152579
yWithMorphologySequentialStreamDropoutDev_BaselineLanguage_Fast_SaveLast_NoFinePOS.py	Slovak	Slovak	RANDOM_BY_TYPE	4	0.0375865016898	1.50811053923	5696010	5.48773152579
yWithMorphologySequentialStreamDropoutDev_BaselineLanguage_Fast_SaveLast_NoFinePOS.py	Slovak	Slovak	RANDOM_BY_TYPE	5	0.0225816352727	1.50811053923	5696010	5.48773152579
yWithMorphologySequentialStreamDropoutDev_BaselineLanguage_Fast_SaveLast_NoFinePOS.py	Slovak	Slovak	RANDOM_BY_TYPE	6	0.0161910898065	1.50811053923	5696010	5.48773152579
yWithMorphologySequentialStreamDropoutDev_BaselineLanguage_Fast_SaveLast_NoFinePOS.py	Slovak	Slovak	RANDOM_BY_TYPE	7	0.00641983804637	1.50811053923	5696010	5.48773152579
yWithMorphologySequentialStreamDropoutDev_BaselineLanguage_Fast_SaveLast_NoFinePOS.py	Slovak	Slovak	RANDOM_BY_TYPE	8	0.0092080727832	1.50811053923	5696010	5.48773152579
yWithMorphologySequentialStreamDropoutDev_BaselineLanguage_Fast_SaveLast_NoFinePOS.py	Slovak	Slovak	RANDOM_BY_TYPE	9	0.00576681776406	1.50811053923	5696010	5.48773152579
yWithMorphologySequentialStreamDropoutDev_BaselineLanguage_Fast_SaveLast_NoFinePOS.py	Slovak	Slovak	RANDOM_BY_TYPE	10	0.00351219132338	1.50811053923	5696010	5.48773152579
yWithMorphologySequentialStreamDropoutDev_BaselineLanguage_Fast_SaveLast_NoFinePOS.py	Slovak	Slovak	RANDOM_BY_TYPE	11	0.00453953820549	1.50811053923	5696010	5.48773152579
yWithMorphologySequentialStreamDropoutDev_BaselineLanguage_Fast_SaveLast_NoFinePOS.py	Slovak	Slovak	RANDOM_BY_TYPE	12	0.00236206609909	1.50811053923	5696010	5.48773152579
yWithMorphologySequentialStreamDropoutDev_BaselineLanguage_Fast_SaveLast_NoFinePOS.py	Slovak	Slovak	RANDOM_BY_TYPE	13	0.00168342308639	1.50811053923	5696010	5.48773152579
yWithMorphologySequentialStreamDropoutDev_BaselineLanguage_Fast_SaveLast_NoFinePOS.py	Slovak	Slovak	RANDOM_BY_TYPE	14	0.000164059131113	1.50811053923	5696010	5.48773152579
yWithMorphologySequentialStreamDropoutDev_BaselineLanguage_Fast_SaveLast_NoFinePOS.py	Slovak	Slovak	RANDOM_BY_TYPE	15	0.000654232257033	1.50811053923	5696010	5.48773152579
yWithMorphologySequentialStreamDropoutDev_BaselineLanguage_Fast_SaveLast_NoFinePOS.py	Slovak	Slovak	RANDOM_BY_TYPE	16	0.00054347441621	1.50811053923	5696010	5.48773152579
yWithMorphologySequentialStreamDropoutDev_BaselineLanguage_Fast_SaveLast_NoFinePOS.py	Slovak	Slovak	RANDOM_BY_TYPE	17	0.000931746216669	1.50811053923	5696010	5.48773152579
yWithMorphologySequentialStreamDropoutDev_BaselineLanguage_Fast_SaveLast_NoFinePOS.py	Slovak	Slovak	RANDOM_BY_TYPE	18	0	1.50811053923	5696010	5.48773152579
yWithMorphologySequentialStreamDropoutDev_BaselineLanguage_Fast_SaveLast_NoFinePOS.py	Slovak	Slovak	RANDOM_BY_TYPE	19	0	1.50811053923	5696010	5.48773152579
yWithMorphologySequentialStreamDropoutDev_BaselineLanguage_Fast_SaveLast_NoFinePOS.py	Slovak	Slovak	RANDOM_BY_TYPE	1	1.26819308372	1.56378965704	6985426	5.48653184571
yWithMorphologySequentialStreamDropoutDev_BaselineLanguage_Fast_SaveLast_NoFinePOS.py	Slovak	Slovak	RANDOM_BY_TYPE	2	0.159152836302	1.56378965704	6985426	5.48653184571
yWithMorphologySequentialStreamDropoutDev_BaselineLanguage_Fast_SaveLast_NoFinePOS.py	Slovak	Slovak	RANDOM_BY_TYPE	3	0.0539246992706	1.56378965704	6985426	5.48653184571
yWithMorphologySequentialStreamDropoutDev_BaselineLanguage_Fast_SaveLast_NoFinePOS.py	Slovak	Slovak	RANDOM_BY_TYPE	4	0.0333840303225	1.56378965704	6985426	5.48653184571
yWithMorphologySequentialStreamDropoutDev_BaselineLanguage_Fast_SaveLast_NoFinePOS.py	Slovak	Slovak	RANDOM_BY_TYPE	5	0.0173815824398	1.56378965704	6985426	5.48653184571
yWithMorphologySequentialStreamDropoutDev_BaselineLanguage_Fast_SaveLast_NoFinePOS.py	Slovak	Slovak	RANDOM_BY_TYPE	6	0.0124814126998	1.56378965704	6985426	5.48653184571
yWithMorphologySequentialStreamDropoutDev_BaselineLanguage_Fast_SaveLast_NoFinePOS.py	Slovak	Slovak	RANDOM_BY_TYPE	7	0.00615718940349	1.56378965704	6985426	5.48653184571
yWithMorphologySequentialStreamDropoutDev_BaselineLanguage_Fast_SaveLast_NoFinePOS.py	Slovak	Slovak	RANDOM_BY_TYPE	8	0.0039380860247	1.56378965704	6985426	5.48653184571
yWithMorphologySequentialStreamDropoutDev_BaselineLanguage_Fast_SaveLast_NoFinePOS.py	Slovak	Slovak	RANDOM_BY_TYPE	9	0.00395641690248	1.56378965704	6985426	5.48653184571
yWithMorphologySequentialStreamDropoutDev_BaselineLanguage_Fast_SaveLast_NoFinePOS.py	Slovak	Slovak	RANDOM_BY_TYPE	10	0.00128067495072	1.56378965704	6985426	5.48653184571
yWithMorphologySequentialStreamDropoutDev_BaselineLanguage_Fast_SaveLast_NoFinePOS.py	Slovak	Slovak	RANDOM_BY_TYPE	11	0.00183376890339	1.56378965704	6985426	5.48653184571
yWithMorphologySequentialStreamDropoutDev_BaselineLanguage_Fast_SaveLast_NoFinePOS.py	Slovak	Slovak	RANDOM_BY_TYPE	12	0.000811103721188	1.56378965704	6985426	5.48653184571
yWithMorphologySequentialStreamDropoutDev_BaselineLanguage_Fast_SaveLast_NoFinePOS.py	Slovak	Slovak	RANDOM_BY_TYPE	13	0.000296119712803	1.56378965704	6985426	5.48653184571
yWithMorphologySequentialStreamDropoutDev_BaselineLanguage_Fast_SaveLast_NoFinePOS.py	Slovak	Slovak	RANDOM_BY_TYPE	14	0.000489039331266	1.56378965704	6985426	5.48653184571
yWithMorphologySequentialStreamDropoutDev_BaselineLanguage_Fast_SaveLast_NoFinePOS.py	Slovak	Slovak	RANDOM_BY_TYPE	15	0.000786693986148	1.56378965704	6985426	5.48653184571
yWithMorphologySequentialStreamDropoutDev_BaselineLanguage_Fast_SaveLast_NoFinePOS.py	Slovak	Slovak	RANDOM_BY_TYPE	16	0	1.56378965704	6985426	5.48653184571
yWithMorphologySequentialStreamDropoutDev_BaselineLanguage_Fast_SaveLast_NoFinePOS.py	Slovak	Slovak	RANDOM_BY_TYPE	17	0.00022090003915	1.56378965704	6985426	5.48653184571
yWithMorphologySequentialStreamDropoutDev_BaselineLanguage_Fast_SaveLast_NoFinePOS.py	Slovak	Slovak	RANDOM_BY_TYPE	18	1.25242830955e-05	1.56378965704	6985426	5.48653184571
yWithMorphologySequentialStreamDropoutDev_BaselineLanguage_Fast_SaveLast_NoFinePOS.py	Slovak	Slovak	RANDOM_BY_TYPE	19	0	1.56378965704	6985426	5.48653184571
yWithMorphologySequentialStreamDropoutDev_BaselineLanguage_Fast_SaveLast_NoFinePOS.py	Slovak	Slovak	RANDOM_BY_TYPE	1	1.37469207775	1.63550872615	9851796	5.50524520156
yWithMorphologySequentialStreamDropoutDev_BaselineLanguage_Fast_SaveLast_NoFinePOS.py	Slovak	Slovak	RANDOM_BY_TYPE	2	0.167893167228	1.63550872615	9851796	5.50524520156
yWithMorphologySequentialStreamDropoutDev_BaselineLanguage_Fast_SaveLast_NoFinePOS.py	Slovak	Slovak	RANDOM_BY_TYPE	3	0.0385752607698	1.63550872615	9851796	5.50524520156
yWithMorphologySequentialStreamDropoutDev_BaselineLanguage_Fast_SaveLast_NoFinePOS.py	Slovak	Slovak	RANDOM_BY_TYPE	4	0.0194901860332	1.63550872615	9851796	5.50524520156
yWithMorphologySequentialStreamDropoutDev_BaselineLanguage_Fast_SaveLast_NoFinePOS.py	Slovak	Slovak	RANDOM_BY_TYPE	5	0.012597274617	1.63550872615	9851796	5.50524520156
yWithMorphologySequentialStreamDropoutDev_BaselineLanguage_Fast_SaveLast_NoFinePOS.py	Slovak	Slovak	RANDOM_BY_TYPE	6	0.00557137352147	1.63550872615	9851796	5.50524520156
yWithMorphologySequentialStreamDropoutDev_BaselineLanguage_Fast_SaveLast_NoFinePOS.py	Slovak	Slovak	RANDOM_BY_TYPE	7	0.00352258829221	1.63550872615	9851796	5.50524520156
yWithMorphologySequentialStreamDropoutDev_BaselineLanguage_Fast_SaveLast_NoFinePOS.py	Slovak	Slovak	RANDOM_BY_TYPE	8	0.00336719661543	1.63550872615	9851796	5.50524520156
yWithMorphologySequentialStreamDropoutDev_BaselineLanguage_Fast_SaveLast_NoFinePOS.py	Slovak	Slovak	RANDOM_BY_TYPE	9	0.00198987469281	1.63550872615	9851796	5.50524520156
yWithMorphologySequentialStreamDropoutDev_BaselineLanguage_Fast_SaveLast_NoFinePOS.py	Slovak	Slovak	RANDOM_BY_TYPE	10	0.0010587474663	1.63550872615	9851796	5.50524520156
yWithMorphologySequentialStreamDropoutDev_BaselineLanguage_Fast_SaveLast_NoFinePOS.py	Slovak	Slovak	RANDOM_BY_TYPE	11	0.00224828124046	1.63550872615	9851796	5.50524520156
yWithMorphologySequentialStreamDropoutDev_BaselineLanguage_Fast_SaveLast_NoFinePOS.py	Slovak	Slovak	RANDOM_BY_TYPE	12	0.00182240740077	1.63550872615	9851796	5.50524520156
yWithMorphologySequentialStreamDropoutDev_BaselineLanguage_Fast_SaveLast_NoFinePOS.py	Slovak	Slovak	RANDOM_BY_TYPE	13	0.000682517028835	1.63550872615	9851796	5.50524520156
yWithMorphologySequentialStreamDropoutDev_BaselineLanguage_Fast_SaveLast_NoFinePOS.py	Slovak	Slovak	RANDOM_BY_TYPE	14	0.0010079434065	1.63550872615	9851796	5.50524520156
yWithMorphologySequentialStreamDropoutDev_BaselineLanguage_Fast_SaveLast_NoFinePOS.py	Slovak	Slovak	RANDOM_BY_TYPE	15	0.000874467500269	1.63550872615	9851796	5.50524520156
yWithMorphologySequentialStreamDropoutDev_BaselineLanguage_Fast_SaveLast_NoFinePOS.py	Slovak	Slovak	RANDOM_BY_TYPE	16	0.0006071196027	1.63550872615	9851796	5.50524520156
yWithMorphologySequentialStreamDropoutDev_BaselineLanguage_Fast_SaveLast_NoFinePOS.py	Slovak	Slovak	RANDOM_BY_TYPE	17	0.000159050013921	1.63550872615	9851796	5.50524520156
yWithMorphologySequentialStreamDropoutDev_BaselineLanguage_Fast_SaveLast_NoFinePOS.py	Slovak	Slovak	RANDOM_BY_TYPE	18	0	1.63550872615	9851796	5.50524520156
yWithMorphologySequentialStreamDropoutDev_BaselineLanguage_Fast_SaveLast_NoFinePOS.py	Slovak	Slovak	RANDOM_BY_TYPE	19	0	1.63550872615	9851796	5.50524520156
yWithMorphologySequentialStreamDropoutDev_BaselineLanguage_Fast_SaveLast_NoFinePOS.py	Slovak	Slovak	RANDOM_BY_TYPE	1	1.438140615	1.66329615435	6197658	5.49853686719
yWithMorphologySequentialStreamDropoutDev_BaselineLanguage_Fast_SaveLast_NoFinePOS.py	Slovak	Slovak	RANDOM_BY_TYPE	2	0.138106295793	1.66329615435	6197658	5.49853686719
yWithMorphologySequentialStreamDropoutDev_BaselineLanguage_Fast_SaveLast_NoFinePOS.py	Slovak	Slovak	RANDOM_BY_TYPE	3	0.0298707271275	1.66329615435	6197658	5.49853686719
yWithMorphologySequentialStreamDropoutDev_BaselineLanguage_Fast_SaveLast_NoFinePOS.py	Slovak	Slovak	RANDOM_BY_TYPE	4	0.0211815996121	1.66329615435	6197658	5.49853686719
yWithMorphologySequentialStreamDropoutDev_BaselineLanguage_Fast_SaveLast_NoFinePOS.py	Slovak	Slovak	RANDOM_BY_TYPE	5	0.0121312716644	1.66329615435	6197658	5.49853686719
yWithMorphologySequentialStreamDropoutDev_BaselineLanguage_Fast_SaveLast_NoFinePOS.py	Slovak	Slovak	RANDOM_BY_TYPE	6	0.00694114512777	1.66329615435	6197658	5.49853686719
yWithMorphologySequentialStreamDropoutDev_BaselineLanguage_Fast_SaveLast_NoFinePOS.py	Slovak	Slovak	RANDOM_BY_TYPE	7	0.00212360934852	1.66329615435	6197658	5.49853686719
yWithMorphologySequentialStreamDropoutDev_BaselineLanguage_Fast_SaveLast_NoFinePOS.py	Slovak	Slovak	RANDOM_BY_TYPE	8	0.00509807867547	1.66329615435	6197658	5.49853686719
yWithMorphologySequentialStreamDropoutDev_BaselineLanguage_Fast_SaveLast_NoFinePOS.py	Slovak	Slovak	RANDOM_BY_TYPE	9	0.00110706809449	1.66329615435	6197658	5.49853686719
yWithMorphologySequentialStreamDropoutDev_BaselineLanguage_Fast_SaveLast_NoFinePOS.py	Slovak	Slovak	RANDOM_BY_TYPE	10	0.000345831007174	1.66329615435	6197658	5.49853686719
yWithMorphologySequentialStreamDropoutDev_BaselineLanguage_Fast_SaveLast_NoFinePOS.py	Slovak	Slovak	RANDOM_BY_TYPE	11	0.00249752488038	1.66329615435	6197658	5.49853686719
yWithMorphologySequentialStreamDropoutDev_BaselineLanguage_Fast_SaveLast_NoFinePOS.py	Slovak	Slovak	RANDOM_BY_TYPE	12	0.00236264483569	1.66329615435	6197658	5.49853686719
yWithMorphologySequentialStreamDropoutDev_BaselineLanguage_Fast_SaveLast_NoFinePOS.py	Slovak	Slovak	RANDOM_BY_TYPE	13	0.000510042660857	1.66329615435	6197658	5.49853686719
yWithMorphologySequentialStreamDropoutDev_BaselineLanguage_Fast_SaveLast_NoFinePOS.py	Slovak	Slovak	RANDOM_BY_TYPE	14	0.00066094586294	1.66329615435	6197658	5.49853686719
yWithMorphologySequentialStreamDropoutDev_BaselineLanguage_Fast_SaveLast_NoFinePOS.py	Slovak	Slovak	RANDOM_BY_TYPE	15	0.000830912263426	1.66329615435	6197658	5.49853686719
yWithMorphologySequentialStreamDropoutDev_BaselineLanguage_Fast_SaveLast_NoFinePOS.py	Slovak	Slovak	RANDOM_BY_TYPE	16	2.53173994689e-05	1.66329615435	6197658	5.49853686719
yWithMorphologySequentialStreamDropoutDev_BaselineLanguage_Fast_SaveLast_NoFinePOS.py	Slovak	Slovak	RANDOM_BY_TYPE	17	0.000332560114665	1.66329615435	6197658	5.49853686719
yWithMorphologySequentialStreamDropoutDev_BaselineLanguage_Fast_SaveLast_NoFinePOS.py	Slovak	Slovak	RANDOM_BY_TYPE	18	0.000561475059758	1.66329615435	6197658	5.49853686719
yWithMorphologySequentialStreamDropoutDev_BaselineLanguage_Fast_SaveLast_NoFinePOS.py	Slovak	Slovak	RANDOM_BY_TYPE	19	0.000468489813478	1.66329615435	6197658	5.49853686719
yWithMorphologySequentialStreamDropoutDev_BaselineLanguage_Fast_SaveLast_NoFinePOS.py	Slovak	Slovak	RANDOM_BY_TYPE	1	1.32286873047	1.61554626447	366011	5.5149200346
yWithMorphologySequentialStreamDropoutDev_BaselineLanguage_Fast_SaveLast_NoFinePOS.py	Slovak	Slovak	RANDOM_BY_TYPE	2	0.189933866997	1.61554626447	366011	5.5149200346
yWithMorphologySequentialStreamDropoutDev_BaselineLanguage_Fast_SaveLast_NoFinePOS.py	Slovak	Slovak	RANDOM_BY_TYPE	3	0.055573421635	1.61554626447	366011	5.5149200346
yWithMorphologySequentialStreamDropoutDev_BaselineLanguage_Fast_SaveLast_NoFinePOS.py	Slovak	Slovak	RANDOM_BY_TYPE	4	0.0180497651231	1.61554626447	366011	5.5149200346
yWithMorphologySequentialStreamDropoutDev_BaselineLanguage_Fast_SaveLast_NoFinePOS.py	Slovak	Slovak	RANDOM_BY_TYPE	5	0.0103740846458	1.61554626447	366011	5.5149200346
yWithMorphologySequentialStreamDropoutDev_BaselineLanguage_Fast_SaveLast_NoFinePOS.py	Slovak	Slovak	RANDOM_BY_TYPE	6	0.00763963558902	1.61554626447	366011	5.5149200346
yWithMorphologySequentialStreamDropoutDev_BaselineLanguage_Fast_SaveLast_NoFinePOS.py	Slovak	Slovak	RANDOM_BY_TYPE	7	0.00414551067842	1.61554626447	366011	5.5149200346
yWithMorphologySequentialStreamDropoutDev_BaselineLanguage_Fast_SaveLast_NoFinePOS.py	Slovak	Slovak	RANDOM_BY_TYPE	8	0.00115757968328	1.61554626447	366011	5.5149200346
yWithMorphologySequentialStreamDropoutDev_BaselineLanguage_Fast_SaveLast_NoFinePOS.py	Slovak	Slovak	RANDOM_BY_TYPE	9	0.00117871998108	1.61554626447	366011	5.5149200346
yWithMorphologySequentialStreamDropoutDev_BaselineLanguage_Fast_SaveLast_NoFinePOS.py	Slovak	Slovak	RANDOM_BY_TYPE	10	0.00147461519666	1.61554626447	366011	5.5149200346
yWithMorphologySequentialStreamDropoutDev_BaselineLanguage_Fast_SaveLast_NoFinePOS.py	Slovak	Slovak	RANDOM_BY_TYPE	11	0.00100180147445	1.61554626447	366011	5.5149200346
yWithMorphologySequentialStreamDropoutDev_BaselineLanguage_Fast_SaveLast_NoFinePOS.py	Slovak	Slovak	RANDOM_BY_TYPE	12	0.000346066567996	1.61554626447	366011	5.5149200346
yWithMorphologySequentialStreamDropoutDev_BaselineLanguage_Fast_SaveLast_NoFinePOS.py	Slovak	Slovak	RANDOM_BY_TYPE	13	0.000746784716436	1.61554626447	366011	5.5149200346
yWithMorphologySequentialStreamDropoutDev_BaselineLanguage_Fast_SaveLast_NoFinePOS.py	Slovak	Slovak	RANDOM_BY_TYPE	14	0.000702420693554	1.61554626447	366011	5.5149200346
yWithMorphologySequentialStreamDropoutDev_BaselineLanguage_Fast_SaveLast_NoFinePOS.py	Slovak	Slovak	RANDOM_BY_TYPE	15	0	1.61554626447	366011	5.5149200346
yWithMorphologySequentialStreamDropoutDev_BaselineLanguage_Fast_SaveLast_NoFinePOS.py	Slovak	Slovak	RANDOM_BY_TYPE	16	0.000167928778962	1.61554626447	366011	5.5149200346
yWithMorphologySequentialStreamDropoutDev_BaselineLanguage_Fast_SaveLast_NoFinePOS.py	Slovak	Slovak	RANDOM_BY_TYPE	17	0	1.61554626447	366011	5.5149200346
yWithMorphologySequentialStreamDropoutDev_BaselineLanguage_Fast_SaveLast_NoFinePOS.py	Slovak	Slovak	RANDOM_BY_TYPE	18	0.000501917935398	1.61554626447	366011	5.5149200346
yWithMorphologySequentialStreamDropoutDev_BaselineLanguage_Fast_SaveLast_NoFinePOS.py	Slovak	Slovak	RANDOM_BY_TYPE	19	0	1.61554626447	366011	5.5149200346
yWithMorphologySequentialStreamDropoutDev_BaselineLanguage_Fast_SaveLast_NoFinePOS.py	Slovak	Slovak	RANDOM_BY_TYPE	1	1.27462814646	1.58773078347	4263167	5.46065466927
yWithMorphologySequentialStreamDropoutDev_BaselineLanguage_Fast_SaveLast_NoFinePOS.py	Slovak	Slovak	RANDOM_BY_TYPE	2	0.21801740123	1.58773078347	4263167	5.46065466927
yWithMorphologySequentialStreamDropoutDev_BaselineLanguage_Fast_SaveLast_NoFinePOS.py	Slovak	Slovak	RANDOM_BY_TYPE	3	0.0461752341218	1.58773078347	4263167	5.46065466927
yWithMorphologySequentialStreamDropoutDev_BaselineLanguage_Fast_SaveLast_NoFinePOS.py	Slovak	Slovak	RANDOM_BY_TYPE	4	0.0219755288673	1.58773078347	4263167	5.46065466927
yWithMorphologySequentialStreamDropoutDev_BaselineLanguage_Fast_SaveLast_NoFinePOS.py	Slovak	Slovak	RANDOM_BY_TYPE	5	0.00914933852953	1.58773078347	4263167	5.46065466927
yWithMorphologySequentialStreamDropoutDev_BaselineLanguage_Fast_SaveLast_NoFinePOS.py	Slovak	Slovak	RANDOM_BY_TYPE	6	0.00684575046578	1.58773078347	4263167	5.46065466927
yWithMorphologySequentialStreamDropoutDev_BaselineLanguage_Fast_SaveLast_NoFinePOS.py	Slovak	Slovak	RANDOM_BY_TYPE	7	0.00430851260277	1.58773078347	4263167	5.46065466927
yWithMorphologySequentialStreamDropoutDev_BaselineLanguage_Fast_SaveLast_NoFinePOS.py	Slovak	Slovak	RANDOM_BY_TYPE	8	0.00342802703381	1.58773078347	4263167	5.46065466927
yWithMorphologySequentialStreamDropoutDev_BaselineLanguage_Fast_SaveLast_NoFinePOS.py	Slovak	Slovak	RANDOM_BY_TYPE	9	0.00176636466425	1.58773078347	4263167	5.46065466927
yWithMorphologySequentialStreamDropoutDev_BaselineLanguage_Fast_SaveLast_NoFinePOS.py	Slovak	Slovak	RANDOM_BY_TYPE	10	0	1.58773078347	4263167	5.46065466927
yWithMorphologySequentialStreamDropoutDev_BaselineLanguage_Fast_SaveLast_NoFinePOS.py	Slovak	Slovak	RANDOM_BY_TYPE	11	0.00198354712904	1.58773078347	4263167	5.46065466927
yWithMorphologySequentialStreamDropoutDev_BaselineLanguage_Fast_SaveLast_NoFinePOS.py	Slovak	Slovak	RANDOM_BY_TYPE	12	0	1.58773078347	4263167	5.46065466927
yWithMorphologySequentialStreamDropoutDev_BaselineLanguage_Fast_SaveLast_NoFinePOS.py	Slovak	Slovak	RANDOM_BY_TYPE	13	0.000370293978142	1.58773078347	4263167	5.46065466927
yWithMorphologySequentialStreamDropoutDev_BaselineLanguage_Fast_SaveLast_NoFinePOS.py	Slovak	Slovak	RANDOM_BY_TYPE	14	0	1.58773078347	4263167	5.46065466927
yWithMorphologySequentialStreamDropoutDev_BaselineLanguage_Fast_SaveLast_NoFinePOS.py	Slovak	Slovak	RANDOM_BY_TYPE	15	0	1.58773078347	4263167	5.46065466927
yWithMorphologySequentialStreamDropoutDev_BaselineLanguage_Fast_SaveLast_NoFinePOS.py	Slovak	Slovak	RANDOM_BY_TYPE	16	0.000610375118582	1.58773078347	4263167	5.46065466927
yWithMorphologySequentialStreamDropoutDev_BaselineLanguage_Fast_SaveLast_NoFinePOS.py	Slovak	Slovak	RANDOM_BY_TYPE	17	0	1.58773078347	4263167	5.46065466927
yWithMorphologySequentialStreamDropoutDev_BaselineLanguage_Fast_SaveLast_NoFinePOS.py	Slovak	Slovak	RANDOM_BY_TYPE	18	0	1.58773078347	4263167	5.46065466927
yWithMorphologySequentialStreamDropoutDev_BaselineLanguage_Fast_SaveLast_NoFinePOS.py	Slovak	Slovak	RANDOM_BY_TYPE	19	3.84579374364e-05	1.58773078347	4263167	5.46065466927
yWithMorphologySequentialStreamDropoutDev_BaselineLanguage_Fast_SaveLast_NoFinePOS.py	Slovak	Slovak	RANDOM_BY_TYPE	1	1.27153303297	1.61631019348	6414826	5.47148739638
yWithMorphologySequentialStreamDropoutDev_BaselineLanguage_Fast_SaveLast_NoFinePOS.py	Slovak	Slovak	RANDOM_BY_TYPE	2	0.259606150732	1.61631019348	6414826	5.47148739638
yWithMorphologySequentialStreamDropoutDev_BaselineLanguage_Fast_SaveLast_NoFinePOS.py	Slovak	Slovak	RANDOM_BY_TYPE	3	0.0318481480422	1.61631019348	6414826	5.47148739638
yWithMorphologySequentialStreamDropoutDev_BaselineLanguage_Fast_SaveLast_NoFinePOS.py	Slovak	Slovak	RANDOM_BY_TYPE	4	0.0184865881319	1.61631019348	6414826	5.47148739638
yWithMorphologySequentialStreamDropoutDev_BaselineLanguage_Fast_SaveLast_NoFinePOS.py	Slovak	Slovak	RANDOM_BY_TYPE	5	0.0124299291062	1.61631019348	6414826	5.47148739638
yWithMorphologySequentialStreamDropoutDev_BaselineLanguage_Fast_SaveLast_NoFinePOS.py	Slovak	Slovak	RANDOM_BY_TYPE	6	0.0100840192135	1.61631019348	6414826	5.47148739638
yWithMorphologySequentialStreamDropoutDev_BaselineLanguage_Fast_SaveLast_NoFinePOS.py	Slovak	Slovak	RANDOM_BY_TYPE	7	0.00412035306839	1.61631019348	6414826	5.47148739638
yWithMorphologySequentialStreamDropoutDev_BaselineLanguage_Fast_SaveLast_NoFinePOS.py	Slovak	Slovak	RANDOM_BY_TYPE	8	0.00260263036375	1.61631019348	6414826	5.47148739638
yWithMorphologySequentialStreamDropoutDev_BaselineLanguage_Fast_SaveLast_NoFinePOS.py	Slovak	Slovak	RANDOM_BY_TYPE	9	0.00102324253076	1.61631019348	6414826	5.47148739638
yWithMorphologySequentialStreamDropoutDev_BaselineLanguage_Fast_SaveLast_NoFinePOS.py	Slovak	Slovak	RANDOM_BY_TYPE	10	0.00169083267859	1.61631019348	6414826	5.47148739638
yWithMorphologySequentialStreamDropoutDev_BaselineLanguage_Fast_SaveLast_NoFinePOS.py	Slovak	Slovak	RANDOM_BY_TYPE	11	0.00134016536687	1.61631019348	6414826	5.47148739638
yWithMorphologySequentialStreamDropoutDev_BaselineLanguage_Fast_SaveLast_NoFinePOS.py	Slovak	Slovak	RANDOM_BY_TYPE	12	0.0015620561087	1.61631019348	6414826	5.47148739638
yWithMorphologySequentialStreamDropoutDev_BaselineLanguage_Fast_SaveLast_NoFinePOS.py	Slovak	Slovak	RANDOM_BY_TYPE	13	0.000112323728326	1.61631019348	6414826	5.47148739638
yWithMorphologySequentialStreamDropoutDev_BaselineLanguage_Fast_SaveLast_NoFinePOS.py	Slovak	Slovak	RANDOM_BY_TYPE	14	0	1.61631019348	6414826	5.47148739638
yWithMorphologySequentialStreamDropoutDev_BaselineLanguage_Fast_SaveLast_NoFinePOS.py	Slovak	Slovak	RANDOM_BY_TYPE	15	0	1.61631019348	6414826	5.47148739638
yWithMorphologySequentialStreamDropoutDev_BaselineLanguage_Fast_SaveLast_NoFinePOS.py	Slovak	Slovak	RANDOM_BY_TYPE	16	0.000279913414015	1.61631019348	6414826	5.47148739638
yWithMorphologySequentialStreamDropoutDev_BaselineLanguage_Fast_SaveLast_NoFinePOS.py	Slovak	Slovak	RANDOM_BY_TYPE	17	0.000427615479247	1.61631019348	6414826	5.47148739638
yWithMorphologySequentialStreamDropoutDev_BaselineLanguage_Fast_SaveLast_NoFinePOS.py	Slovak	Slovak	RANDOM_BY_TYPE	18	0.000333781724107	1.61631019348	6414826	5.47148739638
yWithMorphologySequentialStreamDropoutDev_BaselineLanguage_Fast_SaveLast_NoFinePOS.py	Slovak	Slovak	RANDOM_BY_TYPE	19	0	1.61631019348	6414826	5.47148739638
yWithMorphologySequentialStreamDropoutDev_BaselineLanguage_Fast_SaveLast_NoFinePOS.py	Slovak	Slovak	RANDOM_BY_TYPE	1	1.40034995283	1.61647508087	1132185	5.46711004062
yWithMorphologySequentialStreamDropoutDev_BaselineLanguage_Fast_SaveLast_NoFinePOS.py	Slovak	Slovak	RANDOM_BY_TYPE	2	0.144857833647	1.61647508087	1132185	5.46711004062
yWithMorphologySequentialStreamDropoutDev_BaselineLanguage_Fast_SaveLast_NoFinePOS.py	Slovak	Slovak	RANDOM_BY_TYPE	3	0.0303265729179	1.61647508087	1132185	5.46711004062
yWithMorphologySequentialStreamDropoutDev_BaselineLanguage_Fast_SaveLast_NoFinePOS.py	Slovak	Slovak	RANDOM_BY_TYPE	4	0.0174723090783	1.61647508087	1132185	5.46711004062
yWithMorphologySequentialStreamDropoutDev_BaselineLanguage_Fast_SaveLast_NoFinePOS.py	Slovak	Slovak	RANDOM_BY_TYPE	5	0.00824976694094	1.61647508087	1132185	5.46711004062
yWithMorphologySequentialStreamDropoutDev_BaselineLanguage_Fast_SaveLast_NoFinePOS.py	Slovak	Slovak	RANDOM_BY_TYPE	6	0.00599010562244	1.61647508087	1132185	5.46711004062
yWithMorphologySequentialStreamDropoutDev_BaselineLanguage_Fast_SaveLast_NoFinePOS.py	Slovak	Slovak	RANDOM_BY_TYPE	7	0.00398894487178	1.61647508087	1132185	5.46711004062
yWithMorphologySequentialStreamDropoutDev_BaselineLanguage_Fast_SaveLast_NoFinePOS.py	Slovak	Slovak	RANDOM_BY_TYPE	8	0.00201180405813	1.61647508087	1132185	5.46711004062
yWithMorphologySequentialStreamDropoutDev_BaselineLanguage_Fast_SaveLast_NoFinePOS.py	Slovak	Slovak	RANDOM_BY_TYPE	9	0.00211851972423	1.61647508087	1132185	5.46711004062
yWithMorphologySequentialStreamDropoutDev_BaselineLanguage_Fast_SaveLast_NoFinePOS.py	Slovak	Slovak	RANDOM_BY_TYPE	10	0.00116944958086	1.61647508087	1132185	5.46711004062
yWithMorphologySequentialStreamDropoutDev_BaselineLanguage_Fast_SaveLast_NoFinePOS.py	Slovak	Slovak	RANDOM_BY_TYPE	11	8.53133119949e-05	1.61647508087	1132185	5.46711004062
yWithMorphologySequentialStreamDropoutDev_BaselineLanguage_Fast_SaveLast_NoFinePOS.py	Slovak	Slovak	RANDOM_BY_TYPE	12	0	1.61647508087	1132185	5.46711004062
yWithMorphologySequentialStreamDropoutDev_BaselineLanguage_Fast_SaveLast_NoFinePOS.py	Slovak	Slovak	RANDOM_BY_TYPE	13	0.000625956711704	1.61647508087	1132185	5.46711004062
yWithMorphologySequentialStreamDropoutDev_BaselineLanguage_Fast_SaveLast_NoFinePOS.py	Slovak	Slovak	RANDOM_BY_TYPE	14	0.000140326561993	1.61647508087	1132185	5.46711004062
yWithMorphologySequentialStreamDropoutDev_BaselineLanguage_Fast_SaveLast_NoFinePOS.py	Slovak	Slovak	RANDOM_BY_TYPE	15	0	1.61647508087	1132185	5.46711004062
yWithMorphologySequentialStreamDropoutDev_BaselineLanguage_Fast_SaveLast_NoFinePOS.py	Slovak	Slovak	RANDOM_BY_TYPE	16	0	1.61647508087	1132185	5.46711004062
yWithMorphologySequentialStreamDropoutDev_BaselineLanguage_Fast_SaveLast_NoFinePOS.py	Slovak	Slovak	RANDOM_BY_TYPE	17	0	1.61647508087	1132185	5.46711004062
yWithMorphologySequentialStreamDropoutDev_BaselineLanguage_Fast_SaveLast_NoFinePOS.py	Slovak	Slovak	RANDOM_BY_TYPE	18	0	1.61647508087	1132185	5.46711004062
yWithMorphologySequentialStreamDropoutDev_BaselineLanguage_Fast_SaveLast_NoFinePOS.py	Slovak	Slovak	RANDOM_BY_TYPE	19	0	1.61647508087	1132185	5.46711004062
yWithMorphologySequentialStreamDropoutDev_BaselineLanguage_Fast_SaveLast_NoFinePOS.py	Slovak	Slovak	RANDOM_BY_TYPE	1	1.39280447188	1.61204505542	8515366	5.48048597623
yWithMorphologySequentialStreamDropoutDev_BaselineLanguage_Fast_SaveLast_NoFinePOS.py	Slovak	Slovak	RANDOM_BY_TYPE	2	0.124310992474	1.61204505542	8515366	5.48048597623
yWithMorphologySequentialStreamDropoutDev_BaselineLanguage_Fast_SaveLast_NoFinePOS.py	Slovak	Slovak	RANDOM_BY_TYPE	3	0.0372901248605	1.61204505542	8515366	5.48048597623
yWithMorphologySequentialStreamDropoutDev_BaselineLanguage_Fast_SaveLast_NoFinePOS.py	Slovak	Slovak	RANDOM_BY_TYPE	4	0.0194675637026	1.61204505542	8515366	5.48048597623
yWithMorphologySequentialStreamDropoutDev_BaselineLanguage_Fast_SaveLast_NoFinePOS.py	Slovak	Slovak	RANDOM_BY_TYPE	5	0.00903525985267	1.61204505542	8515366	5.48048597623
yWithMorphologySequentialStreamDropoutDev_BaselineLanguage_Fast_SaveLast_NoFinePOS.py	Slovak	Slovak	RANDOM_BY_TYPE	6	0.00670833265128	1.61204505542	8515366	5.48048597623
yWithMorphologySequentialStreamDropoutDev_BaselineLanguage_Fast_SaveLast_NoFinePOS.py	Slovak	Slovak	RANDOM_BY_TYPE	7	0.00727700501272	1.61204505542	8515366	5.48048597623
yWithMorphologySequentialStreamDropoutDev_BaselineLanguage_Fast_SaveLast_NoFinePOS.py	Slovak	Slovak	RANDOM_BY_TYPE	8	0.00460721854478	1.61204505542	8515366	5.48048597623
yWithMorphologySequentialStreamDropoutDev_BaselineLanguage_Fast_SaveLast_NoFinePOS.py	Slovak	Slovak	RANDOM_BY_TYPE	9	0.00241031271138	1.61204505542	8515366	5.48048597623
yWithMorphologySequentialStreamDropoutDev_BaselineLanguage_Fast_SaveLast_NoFinePOS.py	Slovak	Slovak	RANDOM_BY_TYPE	10	0.00348596401411	1.61204505542	8515366	5.48048597623
yWithMorphologySequentialStreamDropoutDev_BaselineLanguage_Fast_SaveLast_NoFinePOS.py	Slovak	Slovak	RANDOM_BY_TYPE	11	0.00186813955438	1.61204505542	8515366	5.48048597623
yWithMorphologySequentialStreamDropoutDev_BaselineLanguage_Fast_SaveLast_NoFinePOS.py	Slovak	Slovak	RANDOM_BY_TYPE	12	0.000319637092825	1.61204505542	8515366	5.48048597623
yWithMorphologySequentialStreamDropoutDev_BaselineLanguage_Fast_SaveLast_NoFinePOS.py	Slovak	Slovak	RANDOM_BY_TYPE	13	0.00137148817925	1.61204505542	8515366	5.48048597623
yWithMorphologySequentialStreamDropoutDev_BaselineLanguage_Fast_SaveLast_NoFinePOS.py	Slovak	Slovak	RANDOM_BY_TYPE	14	0.000555998944257	1.61204505542	8515366	5.48048597623
yWithMorphologySequentialStreamDropoutDev_BaselineLanguage_Fast_SaveLast_NoFinePOS.py	Slovak	Slovak	RANDOM_BY_TYPE	15	0.000284779112633	1.61204505542	8515366	5.48048597623
yWithMorphologySequentialStreamDropoutDev_BaselineLanguage_Fast_SaveLast_NoFinePOS.py	Slovak	Slovak	RANDOM_BY_TYPE	16	0	1.61204505542	8515366	5.48048597623
yWithMorphologySequentialStreamDropoutDev_BaselineLanguage_Fast_SaveLast_NoFinePOS.py	Slovak	Slovak	RANDOM_BY_TYPE	17	9.28205986548e-05	1.61204505542	8515366	5.48048597623
yWithMorphologySequentialStreamDropoutDev_BaselineLanguage_Fast_SaveLast_NoFinePOS.py	Slovak	Slovak	RANDOM_BY_TYPE	18	0.000184568558654	1.61204505542	8515366	5.48048597623
yWithMorphologySequentialStreamDropoutDev_BaselineLanguage_Fast_SaveLast_NoFinePOS.py	Slovak	Slovak	RANDOM_BY_TYPE	19	8.09794827683e-05	1.61204505542	8515366	5.48048597623
yWithMorphologySequentialStreamDropoutDev_BaselineLanguage_Fast_SaveLast_NoFinePOS.py	Slovak	Slovak	RANDOM_BY_TYPE	1	1.3386849997	1.61588887299	7207645	5.48223521187
yWithMorphologySequentialStreamDropoutDev_BaselineLanguage_Fast_SaveLast_NoFinePOS.py	Slovak	Slovak	RANDOM_BY_TYPE	2	0.156412164193	1.61588887299	7207645	5.48223521187
yWithMorphologySequentialStreamDropoutDev_BaselineLanguage_Fast_SaveLast_NoFinePOS.py	Slovak	Slovak	RANDOM_BY_TYPE	3	0.0561419889535	1.61588887299	7207645	5.48223521187
yWithMorphologySequentialStreamDropoutDev_BaselineLanguage_Fast_SaveLast_NoFinePOS.py	Slovak	Slovak	RANDOM_BY_TYPE	4	0.0250211129042	1.61588887299	7207645	5.48223521187
yWithMorphologySequentialStreamDropoutDev_BaselineLanguage_Fast_SaveLast_NoFinePOS.py	Slovak	Slovak	RANDOM_BY_TYPE	5	0.00998763915611	1.61588887299	7207645	5.48223521187
yWithMorphologySequentialStreamDropoutDev_BaselineLanguage_Fast_SaveLast_NoFinePOS.py	Slovak	Slovak	RANDOM_BY_TYPE	6	0.00798762052843	1.61588887299	7207645	5.48223521187
yWithMorphologySequentialStreamDropoutDev_BaselineLanguage_Fast_SaveLast_NoFinePOS.py	Slovak	Slovak	RANDOM_BY_TYPE	7	0.00586451030757	1.61588887299	7207645	5.48223521187
yWithMorphologySequentialStreamDropoutDev_BaselineLanguage_Fast_SaveLast_NoFinePOS.py	Slovak	Slovak	RANDOM_BY_TYPE	8	0.00469113576086	1.61588887299	7207645	5.48223521187
yWithMorphologySequentialStreamDropoutDev_BaselineLanguage_Fast_SaveLast_NoFinePOS.py	Slovak	Slovak	RANDOM_BY_TYPE	9	0.0021390407461	1.61588887299	7207645	5.48223521187
yWithMorphologySequentialStreamDropoutDev_BaselineLanguage_Fast_SaveLast_NoFinePOS.py	Slovak	Slovak	RANDOM_BY_TYPE	10	0.0026921012222	1.61588887299	7207645	5.48223521187
yWithMorphologySequentialStreamDropoutDev_BaselineLanguage_Fast_SaveLast_NoFinePOS.py	Slovak	Slovak	RANDOM_BY_TYPE	11	0.00273984944167	1.61588887299	7207645	5.48223521187
yWithMorphologySequentialStreamDropoutDev_BaselineLanguage_Fast_SaveLast_NoFinePOS.py	Slovak	Slovak	RANDOM_BY_TYPE	12	0.00247907026173	1.61588887299	7207645	5.48223521187
yWithMorphologySequentialStreamDropoutDev_BaselineLanguage_Fast_SaveLast_NoFinePOS.py	Slovak	Slovak	RANDOM_BY_TYPE	13	0.000492275006151	1.61588887299	7207645	5.48223521187
yWithMorphologySequentialStreamDropoutDev_BaselineLanguage_Fast_SaveLast_NoFinePOS.py	Slovak	Slovak	RANDOM_BY_TYPE	14	1.96353621678e-05	1.61588887299	7207645	5.48223521187
yWithMorphologySequentialStreamDropoutDev_BaselineLanguage_Fast_SaveLast_NoFinePOS.py	Slovak	Slovak	RANDOM_BY_TYPE	15	0.000215982615131	1.61588887299	7207645	5.48223521187
yWithMorphologySequentialStreamDropoutDev_BaselineLanguage_Fast_SaveLast_NoFinePOS.py	Slovak	Slovak	RANDOM_BY_TYPE	16	0.00033526314448	1.61588887299	7207645	5.48223521187
yWithMorphologySequentialStreamDropoutDev_BaselineLanguage_Fast_SaveLast_NoFinePOS.py	Slovak	Slovak	RANDOM_BY_TYPE	17	0	1.61588887299	7207645	5.48223521187
yWithMorphologySequentialStreamDropoutDev_BaselineLanguage_Fast_SaveLast_NoFinePOS.py	Slovak	Slovak	RANDOM_BY_TYPE	18	0	1.61588887299	7207645	5.48223521187
yWithMorphologySequentialStreamDropoutDev_BaselineLanguage_Fast_SaveLast_NoFinePOS.py	Slovak	Slovak	RANDOM_BY_TYPE	19	0.000489939647178	1.61588887299	7207645	5.48223521187
yWithMorphologySequentialStreamDropoutDev_BaselineLanguage_Fast_SaveLast_NoFinePOS.py	Slovak	Slovak	RANDOM_BY_TYPE	1	1.28781918769	1.56523101301	792293	5.45758373496
yWithMorphologySequentialStreamDropoutDev_BaselineLanguage_Fast_SaveLast_NoFinePOS.py	Slovak	Slovak	RANDOM_BY_TYPE	2	0.16683069194	1.56523101301	792293	5.45758373496
yWithMorphologySequentialStreamDropoutDev_BaselineLanguage_Fast_SaveLast_NoFinePOS.py	Slovak	Slovak	RANDOM_BY_TYPE	3	0.061528375704	1.56523101301	792293	5.45758373496
yWithMorphologySequentialStreamDropoutDev_BaselineLanguage_Fast_SaveLast_NoFinePOS.py	Slovak	Slovak	RANDOM_BY_TYPE	4	0.0219764382464	1.56523101301	792293	5.45758373496
yWithMorphologySequentialStreamDropoutDev_BaselineLanguage_Fast_SaveLast_NoFinePOS.py	Slovak	Slovak	RANDOM_BY_TYPE	5	0.0123837430796	1.56523101301	792293	5.45758373496
yWithMorphologySequentialStreamDropoutDev_BaselineLanguage_Fast_SaveLast_NoFinePOS.py	Slovak	Slovak	RANDOM_BY_TYPE	6	0.00874328588786	1.56523101301	792293	5.45758373496
yWithMorphologySequentialStreamDropoutDev_BaselineLanguage_Fast_SaveLast_NoFinePOS.py	Slovak	Slovak	RANDOM_BY_TYPE	7	0.0020268719082	1.56523101301	792293	5.45758373496
yWithMorphologySequentialStreamDropoutDev_BaselineLanguage_Fast_SaveLast_NoFinePOS.py	Slovak	Slovak	RANDOM_BY_TYPE	8	0.000857932396131	1.56523101301	792293	5.45758373496
yWithMorphologySequentialStreamDropoutDev_BaselineLanguage_Fast_SaveLast_NoFinePOS.py	Slovak	Slovak	RANDOM_BY_TYPE	9	0.000522826611995	1.56523101301	792293	5.45758373496
yWithMorphologySequentialStreamDropoutDev_BaselineLanguage_Fast_SaveLast_NoFinePOS.py	Slovak	Slovak	RANDOM_BY_TYPE	10	0.000995709022431	1.56523101301	792293	5.45758373496
yWithMorphologySequentialStreamDropoutDev_BaselineLanguage_Fast_SaveLast_NoFinePOS.py	Slovak	Slovak	RANDOM_BY_TYPE	11	0.000892812993428	1.56523101301	792293	5.45758373496
yWithMorphologySequentialStreamDropoutDev_BaselineLanguage_Fast_SaveLast_NoFinePOS.py	Slovak	Slovak	RANDOM_BY_TYPE	12	0.000349368420366	1.56523101301	792293	5.45758373496
yWithMorphologySequentialStreamDropoutDev_BaselineLanguage_Fast_SaveLast_NoFinePOS.py	Slovak	Slovak	RANDOM_BY_TYPE	13	0.000460249634638	1.56523101301	792293	5.45758373496
yWithMorphologySequentialStreamDropoutDev_BaselineLanguage_Fast_SaveLast_NoFinePOS.py	Slovak	Slovak	RANDOM_BY_TYPE	14	0	1.56523101301	792293	5.45758373496
yWithMorphologySequentialStreamDropoutDev_BaselineLanguage_Fast_SaveLast_NoFinePOS.py	Slovak	Slovak	RANDOM_BY_TYPE	15	0	1.56523101301	792293	5.45758373496
yWithMorphologySequentialStreamDropoutDev_BaselineLanguage_Fast_SaveLast_NoFinePOS.py	Slovak	Slovak	RANDOM_BY_TYPE	16	0	1.56523101301	792293	5.45758373496
yWithMorphologySequentialStreamDropoutDev_BaselineLanguage_Fast_SaveLast_NoFinePOS.py	Slovak	Slovak	RANDOM_BY_TYPE	17	0	1.56523101301	792293	5.45758373496
yWithMorphologySequentialStreamDropoutDev_BaselineLanguage_Fast_SaveLast_NoFinePOS.py	Slovak	Slovak	RANDOM_BY_TYPE	18	0.000251421903911	1.56523101301	792293	5.45758373496
yWithMorphologySequentialStreamDropoutDev_BaselineLanguage_Fast_SaveLast_NoFinePOS.py	Slovak	Slovak	RANDOM_BY_TYPE	19	0.00053795139267	1.56523101301	792293	5.45758373496
yWithMorphologySequentialStreamDropoutDev_BaselineLanguage_Fast_SaveLast_NoFinePOS.py	Slovak	Slovak	RANDOM_BY_TYPE	1	1.15357192898	1.5163398007	3663350	5.51008264863
yWithMorphologySequentialStreamDropoutDev_BaselineLanguage_Fast_SaveLast_NoFinePOS.py	Slovak	Slovak	RANDOM_BY_TYPE	2	0.234795590459	1.5163398007	3663350	5.51008264863
yWithMorphologySequentialStreamDropoutDev_BaselineLanguage_Fast_SaveLast_NoFinePOS.py	Slovak	Slovak	RANDOM_BY_TYPE	3	0.0551785085299	1.5163398007	3663350	5.51008264863
yWithMorphologySequentialStreamDropoutDev_BaselineLanguage_Fast_SaveLast_NoFinePOS.py	Slovak	Slovak	RANDOM_BY_TYPE	4	0.0247371351066	1.5163398007	3663350	5.51008264863
yWithMorphologySequentialStreamDropoutDev_BaselineLanguage_Fast_SaveLast_NoFinePOS.py	Slovak	Slovak	RANDOM_BY_TYPE	5	0.0155969227422	1.5163398007	3663350	5.51008264863
yWithMorphologySequentialStreamDropoutDev_BaselineLanguage_Fast_SaveLast_NoFinePOS.py	Slovak	Slovak	RANDOM_BY_TYPE	6	0.0101113818688	1.5163398007	3663350	5.51008264863
yWithMorphologySequentialStreamDropoutDev_BaselineLanguage_Fast_SaveLast_NoFinePOS.py	Slovak	Slovak	RANDOM_BY_TYPE	7	0.00599636839677	1.5163398007	3663350	5.51008264863
yWithMorphologySequentialStreamDropoutDev_BaselineLanguage_Fast_SaveLast_NoFinePOS.py	Slovak	Slovak	RANDOM_BY_TYPE	8	0.00396046254733	1.5163398007	3663350	5.51008264863
yWithMorphologySequentialStreamDropoutDev_BaselineLanguage_Fast_SaveLast_NoFinePOS.py	Slovak	Slovak	RANDOM_BY_TYPE	9	0.00382456277331	1.5163398007	3663350	5.51008264863
yWithMorphologySequentialStreamDropoutDev_BaselineLanguage_Fast_SaveLast_NoFinePOS.py	Slovak	Slovak	RANDOM_BY_TYPE	10	0.0029606050008	1.5163398007	3663350	5.51008264863
yWithMorphologySequentialStreamDropoutDev_BaselineLanguage_Fast_SaveLast_NoFinePOS.py	Slovak	Slovak	RANDOM_BY_TYPE	11	0.00196253779816	1.5163398007	3663350	5.51008264863
yWithMorphologySequentialStreamDropoutDev_BaselineLanguage_Fast_SaveLast_NoFinePOS.py	Slovak	Slovak	RANDOM_BY_TYPE	12	0.00123379895948	1.5163398007	3663350	5.51008264863
yWithMorphologySequentialStreamDropoutDev_BaselineLanguage_Fast_SaveLast_NoFinePOS.py	Slovak	Slovak	RANDOM_BY_TYPE	13	0.00159051630595	1.5163398007	3663350	5.51008264863
yWithMorphologySequentialStreamDropoutDev_BaselineLanguage_Fast_SaveLast_NoFinePOS.py	Slovak	Slovak	RANDOM_BY_TYPE	14	0.00116539532191	1.5163398007	3663350	5.51008264863
yWithMorphologySequentialStreamDropoutDev_BaselineLanguage_Fast_SaveLast_NoFinePOS.py	Slovak	Slovak	RANDOM_BY_TYPE	15	0	1.5163398007	3663350	5.51008264863
yWithMorphologySequentialStreamDropoutDev_BaselineLanguage_Fast_SaveLast_NoFinePOS.py	Slovak	Slovak	RANDOM_BY_TYPE	16	0.000117168565319	1.5163398007	3663350	5.51008264863
yWithMorphologySequentialStreamDropoutDev_BaselineLanguage_Fast_SaveLast_NoFinePOS.py	Slovak	Slovak	RANDOM_BY_TYPE	17	0.000243099829922	1.5163398007	3663350	5.51008264863
yWithMorphologySequentialStreamDropoutDev_BaselineLanguage_Fast_SaveLast_NoFinePOS.py	Slovak	Slovak	RANDOM_BY_TYPE	18	0	1.5163398007	3663350	5.51008264863
yWithMorphologySequentialStreamDropoutDev_BaselineLanguage_Fast_SaveLast_NoFinePOS.py	Slovak	Slovak	RANDOM_BY_TYPE	19	0	1.5163398007	3663350	5.51008264863
yWithMorphologySequentialStreamDropoutDev_BaselineLanguage_Fast_SaveLast_NoFinePOS.py	Slovak	Slovak	RANDOM_BY_TYPE	1	1.43646742416	1.64852586037	4241397	5.52208526963
yWithMorphologySequentialStreamDropoutDev_BaselineLanguage_Fast_SaveLast_NoFinePOS.py	Slovak	Slovak	RANDOM_BY_TYPE	2	0.137251838103	1.64852586037	4241397	5.52208526963
yWithMorphologySequentialStreamDropoutDev_BaselineLanguage_Fast_SaveLast_NoFinePOS.py	Slovak	Slovak	RANDOM_BY_TYPE	3	0.0276684635714	1.64852586037	4241397	5.52208526963
yWithMorphologySequentialStreamDropoutDev_BaselineLanguage_Fast_SaveLast_NoFinePOS.py	Slovak	Slovak	RANDOM_BY_TYPE	4	0.0157659210979	1.64852586037	4241397	5.52208526963
yWithMorphologySequentialStreamDropoutDev_BaselineLanguage_Fast_SaveLast_NoFinePOS.py	Slovak	Slovak	RANDOM_BY_TYPE	5	0.0106650223879	1.64852586037	4241397	5.52208526963
yWithMorphologySequentialStreamDropoutDev_BaselineLanguage_Fast_SaveLast_NoFinePOS.py	Slovak	Slovak	RANDOM_BY_TYPE	6	0.00647707708078	1.64852586037	4241397	5.52208526963
yWithMorphologySequentialStreamDropoutDev_BaselineLanguage_Fast_SaveLast_NoFinePOS.py	Slovak	Slovak	RANDOM_BY_TYPE	7	0.0055153668335	1.64852586037	4241397	5.52208526963
yWithMorphologySequentialStreamDropoutDev_BaselineLanguage_Fast_SaveLast_NoFinePOS.py	Slovak	Slovak	RANDOM_BY_TYPE	8	0.00289970632285	1.64852586037	4241397	5.52208526963
yWithMorphologySequentialStreamDropoutDev_BaselineLanguage_Fast_SaveLast_NoFinePOS.py	Slovak	Slovak	RANDOM_BY_TYPE	9	0.00121130975958	1.64852586037	4241397	5.52208526963
yWithMorphologySequentialStreamDropoutDev_BaselineLanguage_Fast_SaveLast_NoFinePOS.py	Slovak	Slovak	RANDOM_BY_TYPE	10	0.00237054735014	1.64852586037	4241397	5.52208526963
yWithMorphologySequentialStreamDropoutDev_BaselineLanguage_Fast_SaveLast_NoFinePOS.py	Slovak	Slovak	RANDOM_BY_TYPE	11	0.00085206101202	1.64852586037	4241397	5.52208526963
yWithMorphologySequentialStreamDropoutDev_BaselineLanguage_Fast_SaveLast_NoFinePOS.py	Slovak	Slovak	RANDOM_BY_TYPE	12	0.00075990921014	1.64852586037	4241397	5.52208526963
yWithMorphologySequentialStreamDropoutDev_BaselineLanguage_Fast_SaveLast_NoFinePOS.py	Slovak	Slovak	RANDOM_BY_TYPE	13	0.000335279433695	1.64852586037	4241397	5.52208526963
yWithMorphologySequentialStreamDropoutDev_BaselineLanguage_Fast_SaveLast_NoFinePOS.py	Slovak	Slovak	RANDOM_BY_TYPE	14	0.000814693472157	1.64852586037	4241397	5.52208526963
yWithMorphologySequentialStreamDropoutDev_BaselineLanguage_Fast_SaveLast_NoFinePOS.py	Slovak	Slovak	RANDOM_BY_TYPE	15	0	1.64852586037	4241397	5.52208526963
yWithMorphologySequentialStreamDropoutDev_BaselineLanguage_Fast_SaveLast_NoFinePOS.py	Slovak	Slovak	RANDOM_BY_TYPE	16	0	1.64852586037	4241397	5.52208526963
yWithMorphologySequentialStreamDropoutDev_BaselineLanguage_Fast_SaveLast_NoFinePOS.py	Slovak	Slovak	RANDOM_BY_TYPE	17	0	1.64852586037	4241397	5.52208526963
yWithMorphologySequentialStreamDropoutDev_BaselineLanguage_Fast_SaveLast_NoFinePOS.py	Slovak	Slovak	RANDOM_BY_TYPE	18	0	1.64852586037	4241397	5.52208526963
yWithMorphologySequentialStreamDropoutDev_BaselineLanguage_Fast_SaveLast_NoFinePOS.py	Slovak	Slovak	RANDOM_BY_TYPE	19	0	1.64852586037	4241397	5.52208526963
yWithMorphologySequentialStreamDropoutDev_BaselineLanguage_Fast_SaveLast_NoFinePOS.py	Slovak	Slovak	RANDOM_BY_TYPE	1	1.30682836706	1.57360532949	5993479	5.51011093377
yWithMorphologySequentialStreamDropoutDev_BaselineLanguage_Fast_SaveLast_NoFinePOS.py	Slovak	Slovak	RANDOM_BY_TYPE	2	0.15696764474	1.57360532949	5993479	5.51011093377
yWithMorphologySequentialStreamDropoutDev_BaselineLanguage_Fast_SaveLast_NoFinePOS.py	Slovak	Slovak	RANDOM_BY_TYPE	3	0.0317432714243	1.57360532949	5993479	5.51011093377
yWithMorphologySequentialStreamDropoutDev_BaselineLanguage_Fast_SaveLast_NoFinePOS.py	Slovak	Slovak	RANDOM_BY_TYPE	4	0.0277072531311	1.57360532949	5993479	5.51011093377
yWithMorphologySequentialStreamDropoutDev_BaselineLanguage_Fast_SaveLast_NoFinePOS.py	Slovak	Slovak	RANDOM_BY_TYPE	5	0.0151580154079	1.57360532949	5993479	5.51011093377
yWithMorphologySequentialStreamDropoutDev_BaselineLanguage_Fast_SaveLast_NoFinePOS.py	Slovak	Slovak	RANDOM_BY_TYPE	6	0.00981841642563	1.57360532949	5993479	5.51011093377
yWithMorphologySequentialStreamDropoutDev_BaselineLanguage_Fast_SaveLast_NoFinePOS.py	Slovak	Slovak	RANDOM_BY_TYPE	7	0.00662264725933	1.57360532949	5993479	5.51011093377
yWithMorphologySequentialStreamDropoutDev_BaselineLanguage_Fast_SaveLast_NoFinePOS.py	Slovak	Slovak	RANDOM_BY_TYPE	8	0.00522744716847	1.57360532949	5993479	5.51011093377
yWithMorphologySequentialStreamDropoutDev_BaselineLanguage_Fast_SaveLast_NoFinePOS.py	Slovak	Slovak	RANDOM_BY_TYPE	9	0.00264173533819	1.57360532949	5993479	5.51011093377
yWithMorphologySequentialStreamDropoutDev_BaselineLanguage_Fast_SaveLast_NoFinePOS.py	Slovak	Slovak	RANDOM_BY_TYPE	10	0.00296545249142	1.57360532949	5993479	5.51011093377
yWithMorphologySequentialStreamDropoutDev_BaselineLanguage_Fast_SaveLast_NoFinePOS.py	Slovak	Slovak	RANDOM_BY_TYPE	11	0.00301359769416	1.57360532949	5993479	5.51011093377
yWithMorphologySequentialStreamDropoutDev_BaselineLanguage_Fast_SaveLast_NoFinePOS.py	Slovak	Slovak	RANDOM_BY_TYPE	12	0.00209591927594	1.57360532949	5993479	5.51011093377
yWithMorphologySequentialStreamDropoutDev_BaselineLanguage_Fast_SaveLast_NoFinePOS.py	Slovak	Slovak	RANDOM_BY_TYPE	13	0.000926652305747	1.57360532949	5993479	5.51011093377
yWithMorphologySequentialStreamDropoutDev_BaselineLanguage_Fast_SaveLast_NoFinePOS.py	Slovak	Slovak	RANDOM_BY_TYPE	14	0.000207975792558	1.57360532949	5993479	5.51011093377
yWithMorphologySequentialStreamDropoutDev_BaselineLanguage_Fast_SaveLast_NoFinePOS.py	Slovak	Slovak	RANDOM_BY_TYPE	15	0.00104240730201	1.57360532949	5993479	5.51011093377
yWithMorphologySequentialStreamDropoutDev_BaselineLanguage_Fast_SaveLast_NoFinePOS.py	Slovak	Slovak	RANDOM_BY_TYPE	16	0.000463109677785	1.57360532949	5993479	5.51011093377
yWithMorphologySequentialStreamDropoutDev_BaselineLanguage_Fast_SaveLast_NoFinePOS.py	Slovak	Slovak	RANDOM_BY_TYPE	17	0.000324209830532	1.57360532949	5993479	5.51011093377
yWithMorphologySequentialStreamDropoutDev_BaselineLanguage_Fast_SaveLast_NoFinePOS.py	Slovak	Slovak	RANDOM_BY_TYPE	18	0.00013225392936	1.57360532949	5993479	5.51011093377
yWithMorphologySequentialStreamDropoutDev_BaselineLanguage_Fast_SaveLast_NoFinePOS.py	Slovak	Slovak	RANDOM_BY_TYPE	19	0	1.57360532949	5993479	5.51011093377
yWithMorphologySequentialStreamDropoutDev_BaselineLanguage_Fast_SaveLast_NoFinePOS.py	Slovak	Slovak	RANDOM_BY_TYPE	1	1.33193703653	1.55406160322	6709899	5.50046093966
yWithMorphologySequentialStreamDropoutDev_BaselineLanguage_Fast_SaveLast_NoFinePOS.py	Slovak	Slovak	RANDOM_BY_TYPE	2	0.143210482312	1.55406160322	6709899	5.50046093966
yWithMorphologySequentialStreamDropoutDev_BaselineLanguage_Fast_SaveLast_NoFinePOS.py	Slovak	Slovak	RANDOM_BY_TYPE	3	0.0389514095571	1.55406160322	6709899	5.50046093966
yWithMorphologySequentialStreamDropoutDev_BaselineLanguage_Fast_SaveLast_NoFinePOS.py	Slovak	Slovak	RANDOM_BY_TYPE	4	0.014256563252	1.55406160322	6709899	5.50046093966
yWithMorphologySequentialStreamDropoutDev_BaselineLanguage_Fast_SaveLast_NoFinePOS.py	Slovak	Slovak	RANDOM_BY_TYPE	5	0.0122756269288	1.55406160322	6709899	5.50046093966
yWithMorphologySequentialStreamDropoutDev_BaselineLanguage_Fast_SaveLast_NoFinePOS.py	Slovak	Slovak	RANDOM_BY_TYPE	6	0.00359481622095	1.55406160322	6709899	5.50046093966
yWithMorphologySequentialStreamDropoutDev_BaselineLanguage_Fast_SaveLast_NoFinePOS.py	Slovak	Slovak	RANDOM_BY_TYPE	7	0.0037313269834	1.55406160322	6709899	5.50046093966
yWithMorphologySequentialStreamDropoutDev_BaselineLanguage_Fast_SaveLast_NoFinePOS.py	Slovak	Slovak	RANDOM_BY_TYPE	8	0.000552820302036	1.55406160322	6709899	5.50046093966
yWithMorphologySequentialStreamDropoutDev_BaselineLanguage_Fast_SaveLast_NoFinePOS.py	Slovak	Slovak	RANDOM_BY_TYPE	9	0.00264041897369	1.55406160322	6709899	5.50046093966
yWithMorphologySequentialStreamDropoutDev_BaselineLanguage_Fast_SaveLast_NoFinePOS.py	Slovak	Slovak	RANDOM_BY_TYPE	10	0.000837455016293	1.55406160322	6709899	5.50046093966
yWithMorphologySequentialStreamDropoutDev_BaselineLanguage_Fast_SaveLast_NoFinePOS.py	Slovak	Slovak	RANDOM_BY_TYPE	11	0.00109157411203	1.55406160322	6709899	5.50046093966
yWithMorphologySequentialStreamDropoutDev_BaselineLanguage_Fast_SaveLast_NoFinePOS.py	Slovak	Slovak	RANDOM_BY_TYPE	12	0	1.55406160322	6709899	5.50046093966
yWithMorphologySequentialStreamDropoutDev_BaselineLanguage_Fast_SaveLast_NoFinePOS.py	Slovak	Slovak	RANDOM_BY_TYPE	13	0.00044339315532	1.55406160322	6709899	5.50046093966
yWithMorphologySequentialStreamDropoutDev_BaselineLanguage_Fast_SaveLast_NoFinePOS.py	Slovak	Slovak	RANDOM_BY_TYPE	14	5.33332971679e-05	1.55406160322	6709899	5.50046093966
yWithMorphologySequentialStreamDropoutDev_BaselineLanguage_Fast_SaveLast_NoFinePOS.py	Slovak	Slovak	RANDOM_BY_TYPE	15	0	1.55406160322	6709899	5.50046093966
yWithMorphologySequentialStreamDropoutDev_BaselineLanguage_Fast_SaveLast_NoFinePOS.py	Slovak	Slovak	RANDOM_BY_TYPE	16	0.000156793039139	1.55406160322	6709899	5.50046093966
yWithMorphologySequentialStreamDropoutDev_BaselineLanguage_Fast_SaveLast_NoFinePOS.py	Slovak	Slovak	RANDOM_BY_TYPE	17	7.80001895069e-05	1.55406160322	6709899	5.50046093966
yWithMorphologySequentialStreamDropoutDev_BaselineLanguage_Fast_SaveLast_NoFinePOS.py	Slovak	Slovak	RANDOM_BY_TYPE	18	0.000176525156792	1.55406160322	6709899	5.50046093966
yWithMorphologySequentialStreamDropoutDev_BaselineLanguage_Fast_SaveLast_NoFinePOS.py	Slovak	Slovak	RANDOM_BY_TYPE	19	0.000163085125897	1.55406160322	6709899	5.50046093966
yWithMorphologySequentialStreamDropoutDev_BaselineLanguage_Fast_SaveLast_NoFinePOS.py	Slovak	Slovak	RANDOM_BY_TYPE	1	1.40043634936	1.70198757461	7669936	5.47528638546
yWithMorphologySequentialStreamDropoutDev_BaselineLanguage_Fast_SaveLast_NoFinePOS.py	Slovak	Slovak	RANDOM_BY_TYPE	2	0.138430256754	1.70198757461	7669936	5.47528638546
yWithMorphologySequentialStreamDropoutDev_BaselineLanguage_Fast_SaveLast_NoFinePOS.py	Slovak	Slovak	RANDOM_BY_TYPE	3	0.0481341878437	1.70198757461	7669936	5.47528638546
yWithMorphologySequentialStreamDropoutDev_BaselineLanguage_Fast_SaveLast_NoFinePOS.py	Slovak	Slovak	RANDOM_BY_TYPE	4	0.0325487088667	1.70198757461	7669936	5.47528638546
yWithMorphologySequentialStreamDropoutDev_BaselineLanguage_Fast_SaveLast_NoFinePOS.py	Slovak	Slovak	RANDOM_BY_TYPE	5	0.0219114430555	1.70198757461	7669936	5.47528638546
yWithMorphologySequentialStreamDropoutDev_BaselineLanguage_Fast_SaveLast_NoFinePOS.py	Slovak	Slovak	RANDOM_BY_TYPE	6	0.0181546617044	1.70198757461	7669936	5.47528638546
yWithMorphologySequentialStreamDropoutDev_BaselineLanguage_Fast_SaveLast_NoFinePOS.py	Slovak	Slovak	RANDOM_BY_TYPE	7	0.00875511900203	1.70198757461	7669936	5.47528638546
yWithMorphologySequentialStreamDropoutDev_BaselineLanguage_Fast_SaveLast_NoFinePOS.py	Slovak	Slovak	RANDOM_BY_TYPE	8	0.00902168530307	1.70198757461	7669936	5.47528638546
yWithMorphologySequentialStreamDropoutDev_BaselineLanguage_Fast_SaveLast_NoFinePOS.py	Slovak	Slovak	RANDOM_BY_TYPE	9	0.00707828026928	1.70198757461	7669936	5.47528638546
yWithMorphologySequentialStreamDropoutDev_BaselineLanguage_Fast_SaveLast_NoFinePOS.py	Slovak	Slovak	RANDOM_BY_TYPE	10	0.0041640476413	1.70198757461	7669936	5.47528638546
yWithMorphologySequentialStreamDropoutDev_BaselineLanguage_Fast_SaveLast_NoFinePOS.py	Slovak	Slovak	RANDOM_BY_TYPE	11	0.00501791030577	1.70198757461	7669936	5.47528638546
yWithMorphologySequentialStreamDropoutDev_BaselineLanguage_Fast_SaveLast_NoFinePOS.py	Slovak	Slovak	RANDOM_BY_TYPE	12	0.00132782410269	1.70198757461	7669936	5.47528638546
yWithMorphologySequentialStreamDropoutDev_BaselineLanguage_Fast_SaveLast_NoFinePOS.py	Slovak	Slovak	RANDOM_BY_TYPE	13	0.00182496799182	1.70198757461	7669936	5.47528638546
yWithMorphologySequentialStreamDropoutDev_BaselineLanguage_Fast_SaveLast_NoFinePOS.py	Slovak	Slovak	RANDOM_BY_TYPE	14	0.00182775536629	1.70198757461	7669936	5.47528638546
yWithMorphologySequentialStreamDropoutDev_BaselineLanguage_Fast_SaveLast_NoFinePOS.py	Slovak	Slovak	RANDOM_BY_TYPE	15	0.00132915663393	1.70198757461	7669936	5.47528638546
yWithMorphologySequentialStreamDropoutDev_BaselineLanguage_Fast_SaveLast_NoFinePOS.py	Slovak	Slovak	RANDOM_BY_TYPE	16	0.000524707812153	1.70198757461	7669936	5.47528638546
yWithMorphologySequentialStreamDropoutDev_BaselineLanguage_Fast_SaveLast_NoFinePOS.py	Slovak	Slovak	RANDOM_BY_TYPE	17	0.000849844903162	1.70198757461	7669936	5.47528638546
yWithMorphologySequentialStreamDropoutDev_BaselineLanguage_Fast_SaveLast_NoFinePOS.py	Slovak	Slovak	RANDOM_BY_TYPE	18	0.000559079524589	1.70198757461	7669936	5.47528638546
yWithMorphologySequentialStreamDropoutDev_BaselineLanguage_Fast_SaveLast_NoFinePOS.py	Slovak	Slovak	RANDOM_BY_TYPE	19	9.1588170561e-05	1.70198757461	7669936	5.47528638546
yWithMorphologySequentialStreamDropoutDev_BaselineLanguage_Fast_SaveLast_NoFinePOS.py	Slovak	Slovak	RANDOM_BY_TYPE	1	1.39721484082	1.63966914975	8788239	5.4566421717
yWithMorphologySequentialStreamDropoutDev_BaselineLanguage_Fast_SaveLast_NoFinePOS.py	Slovak	Slovak	RANDOM_BY_TYPE	2	0.153809188041	1.63966914975	8788239	5.4566421717
yWithMorphologySequentialStreamDropoutDev_BaselineLanguage_Fast_SaveLast_NoFinePOS.py	Slovak	Slovak	RANDOM_BY_TYPE	3	0.0384130622834	1.63966914975	8788239	5.4566421717
yWithMorphologySequentialStreamDropoutDev_BaselineLanguage_Fast_SaveLast_NoFinePOS.py	Slovak	Slovak	RANDOM_BY_TYPE	4	0.017989998321	1.63966914975	8788239	5.4566421717
yWithMorphologySequentialStreamDropoutDev_BaselineLanguage_Fast_SaveLast_NoFinePOS.py	Slovak	Slovak	RANDOM_BY_TYPE	5	0.011547230327	1.63966914975	8788239	5.4566421717
yWithMorphologySequentialStreamDropoutDev_BaselineLanguage_Fast_SaveLast_NoFinePOS.py	Slovak	Slovak	RANDOM_BY_TYPE	6	0.00612316433698	1.63966914975	8788239	5.4566421717
yWithMorphologySequentialStreamDropoutDev_BaselineLanguage_Fast_SaveLast_NoFinePOS.py	Slovak	Slovak	RANDOM_BY_TYPE	7	0.00496863032857	1.63966914975	8788239	5.4566421717
yWithMorphologySequentialStreamDropoutDev_BaselineLanguage_Fast_SaveLast_NoFinePOS.py	Slovak	Slovak	RANDOM_BY_TYPE	8	0.00230016757364	1.63966914975	8788239	5.4566421717
yWithMorphologySequentialStreamDropoutDev_BaselineLanguage_Fast_SaveLast_NoFinePOS.py	Slovak	Slovak	RANDOM_BY_TYPE	9	0.00152330729243	1.63966914975	8788239	5.4566421717
yWithMorphologySequentialStreamDropoutDev_BaselineLanguage_Fast_SaveLast_NoFinePOS.py	Slovak	Slovak	RANDOM_BY_TYPE	10	0.000857572563707	1.63966914975	8788239	5.4566421717
yWithMorphologySequentialStreamDropoutDev_BaselineLanguage_Fast_SaveLast_NoFinePOS.py	Slovak	Slovak	RANDOM_BY_TYPE	11	0.00130312610162	1.63966914975	8788239	5.4566421717
yWithMorphologySequentialStreamDropoutDev_BaselineLanguage_Fast_SaveLast_NoFinePOS.py	Slovak	Slovak	RANDOM_BY_TYPE	12	0.000945624055928	1.63966914975	8788239	5.4566421717
yWithMorphologySequentialStreamDropoutDev_BaselineLanguage_Fast_SaveLast_NoFinePOS.py	Slovak	Slovak	RANDOM_BY_TYPE	13	0.000879771415501	1.63966914975	8788239	5.4566421717
yWithMorphologySequentialStreamDropoutDev_BaselineLanguage_Fast_SaveLast_NoFinePOS.py	Slovak	Slovak	RANDOM_BY_TYPE	14	0.000906050940082	1.63966914975	8788239	5.4566421717
yWithMorphologySequentialStreamDropoutDev_BaselineLanguage_Fast_SaveLast_NoFinePOS.py	Slovak	Slovak	RANDOM_BY_TYPE	15	0	1.63966914975	8788239	5.4566421717
yWithMorphologySequentialStreamDropoutDev_BaselineLanguage_Fast_SaveLast_NoFinePOS.py	Slovak	Slovak	RANDOM_BY_TYPE	16	0.000464176478451	1.63966914975	8788239	5.4566421717
yWithMorphologySequentialStreamDropoutDev_BaselineLanguage_Fast_SaveLast_NoFinePOS.py	Slovak	Slovak	RANDOM_BY_TYPE	17	0.000322486643922	1.63966914975	8788239	5.4566421717
yWithMorphologySequentialStreamDropoutDev_BaselineLanguage_Fast_SaveLast_NoFinePOS.py	Slovak	Slovak	RANDOM_BY_TYPE	18	0	1.63966914975	8788239	5.4566421717
yWithMorphologySequentialStreamDropoutDev_BaselineLanguage_Fast_SaveLast_NoFinePOS.py	Slovak	Slovak	RANDOM_BY_TYPE	19	0.000597999275547	1.63966914975	8788239	5.4566421717
yWithMorphologySequentialStreamDropoutDev_BaselineLanguage_Fast_SaveLast_NoFinePOS.py	Slovak	Slovak	RANDOM_BY_TYPE	1	1.32495120866	1.59869005627	113368879	5.48598544647
yWithMorphologySequentialStreamDropoutDev_BaselineLanguage_Fast_SaveLast_NoFinePOS.py	Slovak	Slovak	RANDOM_BY_TYPE	2	0.201942857243	1.59869005627	113368879	5.48598544647
yWithMorphologySequentialStreamDropoutDev_BaselineLanguage_Fast_SaveLast_NoFinePOS.py	Slovak	Slovak	RANDOM_BY_TYPE	3	0.0355272175106	1.59869005627	113368879	5.48598544647
yWithMorphologySequentialStreamDropoutDev_BaselineLanguage_Fast_SaveLast_NoFinePOS.py	Slovak	Slovak	RANDOM_BY_TYPE	4	0.0104304904807	1.59869005627	113368879	5.48598544647
yWithMorphologySequentialStreamDropoutDev_BaselineLanguage_Fast_SaveLast_NoFinePOS.py	Slovak	Slovak	RANDOM_BY_TYPE	5	0.00763196986016	1.59869005627	113368879	5.48598544647
yWithMorphologySequentialStreamDropoutDev_BaselineLanguage_Fast_SaveLast_NoFinePOS.py	Slovak	Slovak	RANDOM_BY_TYPE	6	0.0059736142828	1.59869005627	113368879	5.48598544647
yWithMorphologySequentialStreamDropoutDev_BaselineLanguage_Fast_SaveLast_NoFinePOS.py	Slovak	Slovak	RANDOM_BY_TYPE	7	0.00354288310221	1.59869005627	113368879	5.48598544647
yWithMorphologySequentialStreamDropoutDev_BaselineLanguage_Fast_SaveLast_NoFinePOS.py	Slovak	Slovak	RANDOM_BY_TYPE	8	0.00193556873766	1.59869005627	113368879	5.48598544647
yWithMorphologySequentialStreamDropoutDev_BaselineLanguage_Fast_SaveLast_NoFinePOS.py	Slovak	Slovak	RANDOM_BY_TYPE	9	0.00280231429289	1.59869005627	113368879	5.48598544647
yWithMorphologySequentialStreamDropoutDev_BaselineLanguage_Fast_SaveLast_NoFinePOS.py	Slovak	Slovak	RANDOM_BY_TYPE	10	0.000421667262299	1.59869005627	113368879	5.48598544647
yWithMorphologySequentialStreamDropoutDev_BaselineLanguage_Fast_SaveLast_NoFinePOS.py	Slovak	Slovak	RANDOM_BY_TYPE	11	0.000641707565686	1.59869005627	113368879	5.48598544647
yWithMorphologySequentialStreamDropoutDev_BaselineLanguage_Fast_SaveLast_NoFinePOS.py	Slovak	Slovak	RANDOM_BY_TYPE	12	0.000437361940946	1.59869005627	113368879	5.48598544647
yWithMorphologySequentialStreamDropoutDev_BaselineLanguage_Fast_SaveLast_NoFinePOS.py	Slovak	Slovak	RANDOM_BY_TYPE	13	0.00103043881181	1.59869005627	113368879	5.48598544647
yWithMorphologySequentialStreamDropoutDev_BaselineLanguage_Fast_SaveLast_NoFinePOS.py	Slovak	Slovak	RANDOM_BY_TYPE	14	0.00107852506311	1.59869005627	113368879	5.48598544647
yWithMorphologySequentialStreamDropoutDev_BaselineLanguage_Fast_SaveLast_NoFinePOS.py	Slovak	Slovak	RANDOM_BY_TYPE	15	0	1.59869005627	113368879	5.48598544647
yWithMorphologySequentialStreamDropoutDev_BaselineLanguage_Fast_SaveLast_NoFinePOS.py	Slovak	Slovak	RANDOM_BY_TYPE	16	0.000548391268678	1.59869005627	113368879	5.48598544647
yWithMorphologySequentialStreamDropoutDev_BaselineLanguage_Fast_SaveLast_NoFinePOS.py	Slovak	Slovak	RANDOM_BY_TYPE	17	0	1.59869005627	113368879	5.48598544647
yWithMorphologySequentialStreamDropoutDev_BaselineLanguage_Fast_SaveLast_NoFinePOS.py	Slovak	Slovak	RANDOM_BY_TYPE	18	0.000104149400371	1.59869005627	113368879	5.48598544647
yWithMorphologySequentialStreamDropoutDev_BaselineLanguage_Fast_SaveLast_NoFinePOS.py	Slovak	Slovak	RANDOM_BY_TYPE	19	0.000150838045225	1.59869005627	113368879	5.48598544647
yWithMorphologySequentialStreamDropoutDev_BaselineLanguage_Fast_SaveLast_NoFinePOS.py	Slovak	Slovak	RANDOM_BY_TYPE	1	1.39727646651	1.636710487	5275398	5.48614916287
yWithMorphologySequentialStreamDropoutDev_BaselineLanguage_Fast_SaveLast_NoFinePOS.py	Slovak	Slovak	RANDOM_BY_TYPE	2	0.163322858288	1.636710487	5275398	5.48614916287
yWithMorphologySequentialStreamDropoutDev_BaselineLanguage_Fast_SaveLast_NoFinePOS.py	Slovak	Slovak	RANDOM_BY_TYPE	3	0.0348684084742	1.636710487	5275398	5.48614916287
yWithMorphologySequentialStreamDropoutDev_BaselineLanguage_Fast_SaveLast_NoFinePOS.py	Slovak	Slovak	RANDOM_BY_TYPE	4	0.017308474771	1.636710487	5275398	5.48614916287
yWithMorphologySequentialStreamDropoutDev_BaselineLanguage_Fast_SaveLast_NoFinePOS.py	Slovak	Slovak	RANDOM_BY_TYPE	5	0.00945465127899	1.636710487	5275398	5.48614916287
yWithMorphologySequentialStreamDropoutDev_BaselineLanguage_Fast_SaveLast_NoFinePOS.py	Slovak	Slovak	RANDOM_BY_TYPE	6	0.00437131871099	1.636710487	5275398	5.48614916287
yWithMorphologySequentialStreamDropoutDev_BaselineLanguage_Fast_SaveLast_NoFinePOS.py	Slovak	Slovak	RANDOM_BY_TYPE	7	0.00505116753382	1.636710487	5275398	5.48614916287
yWithMorphologySequentialStreamDropoutDev_BaselineLanguage_Fast_SaveLast_NoFinePOS.py	Slovak	Slovak	RANDOM_BY_TYPE	8	0.00175096519189	1.636710487	5275398	5.48614916287
yWithMorphologySequentialStreamDropoutDev_BaselineLanguage_Fast_SaveLast_NoFinePOS.py	Slovak	Slovak	RANDOM_BY_TYPE	9	9.64644020529e-06	1.636710487	5275398	5.48614916287
yWithMorphologySequentialStreamDropoutDev_BaselineLanguage_Fast_SaveLast_NoFinePOS.py	Slovak	Slovak	RANDOM_BY_TYPE	10	0.000148670191634	1.636710487	5275398	5.48614916287
yWithMorphologySequentialStreamDropoutDev_BaselineLanguage_Fast_SaveLast_NoFinePOS.py	Slovak	Slovak	RANDOM_BY_TYPE	11	0.00106947834361	1.636710487	5275398	5.48614916287
yWithMorphologySequentialStreamDropoutDev_BaselineLanguage_Fast_SaveLast_NoFinePOS.py	Slovak	Slovak	RANDOM_BY_TYPE	12	0.000654075121227	1.636710487	5275398	5.48614916287
yWithMorphologySequentialStreamDropoutDev_BaselineLanguage_Fast_SaveLast_NoFinePOS.py	Slovak	Slovak	RANDOM_BY_TYPE	13	0.000440755486488	1.636710487	5275398	5.48614916287
yWithMorphologySequentialStreamDropoutDev_BaselineLanguage_Fast_SaveLast_NoFinePOS.py	Slovak	Slovak	RANDOM_BY_TYPE	14	0.000422306501702	1.636710487	5275398	5.48614916287
yWithMorphologySequentialStreamDropoutDev_BaselineLanguage_Fast_SaveLast_NoFinePOS.py	Slovak	Slovak	RANDOM_BY_TYPE	15	0.000437203090485	1.636710487	5275398	5.48614916287
yWithMorphologySequentialStreamDropoutDev_BaselineLanguage_Fast_SaveLast_NoFinePOS.py	Slovak	Slovak	RANDOM_BY_TYPE	16	0	1.636710487	5275398	5.48614916287
yWithMorphologySequentialStreamDropoutDev_BaselineLanguage_Fast_SaveLast_NoFinePOS.py	Slovak	Slovak	RANDOM_BY_TYPE	17	0	1.636710487	5275398	5.48614916287
yWithMorphologySequentialStreamDropoutDev_BaselineLanguage_Fast_SaveLast_NoFinePOS.py	Slovak	Slovak	RANDOM_BY_TYPE	18	0.000226332553446	1.636710487	5275398	5.48614916287
yWithMorphologySequentialStreamDropoutDev_BaselineLanguage_Fast_SaveLast_NoFinePOS.py	Slovak	Slovak	RANDOM_BY_TYPE	19	0.000386533018661	1.636710487	5275398	5.48614916287
yWithMorphologySequentialStreamDropoutDev_BaselineLanguage_Fast_SaveLast_NoFinePOS.py	Slovak	Slovak	RANDOM_BY_TYPE	1	1.26736710414	1.59654968124	2616575	5.49276871285
yWithMorphologySequentialStreamDropoutDev_BaselineLanguage_Fast_SaveLast_NoFinePOS.py	Slovak	Slovak	RANDOM_BY_TYPE	2	0.223184097058	1.59654968124	2616575	5.49276871285
yWithMorphologySequentialStreamDropoutDev_BaselineLanguage_Fast_SaveLast_NoFinePOS.py	Slovak	Slovak	RANDOM_BY_TYPE	3	0.046190231222	1.59654968124	2616575	5.49276871285
yWithMorphologySequentialStreamDropoutDev_BaselineLanguage_Fast_SaveLast_NoFinePOS.py	Slovak	Slovak	RANDOM_BY_TYPE	4	0.0205159218752	1.59654968124	2616575	5.49276871285
yWithMorphologySequentialStreamDropoutDev_BaselineLanguage_Fast_SaveLast_NoFinePOS.py	Slovak	Slovak	RANDOM_BY_TYPE	5	0.0119985688631	1.59654968124	2616575	5.49276871285
yWithMorphologySequentialStreamDropoutDev_BaselineLanguage_Fast_SaveLast_NoFinePOS.py	Slovak	Slovak	RANDOM_BY_TYPE	6	0.0105897783008	1.59654968124	2616575	5.49276871285
yWithMorphologySequentialStreamDropoutDev_BaselineLanguage_Fast_SaveLast_NoFinePOS.py	Slovak	Slovak	RANDOM_BY_TYPE	7	0.0056723582418	1.59654968124	2616575	5.49276871285
yWithMorphologySequentialStreamDropoutDev_BaselineLanguage_Fast_SaveLast_NoFinePOS.py	Slovak	Slovak	RANDOM_BY_TYPE	8	0.00226622501465	1.59654968124	2616575	5.49276871285
yWithMorphologySequentialStreamDropoutDev_BaselineLanguage_Fast_SaveLast_NoFinePOS.py	Slovak	Slovak	RANDOM_BY_TYPE	9	0.00212743882447	1.59654968124	2616575	5.49276871285
yWithMorphologySequentialStreamDropoutDev_BaselineLanguage_Fast_SaveLast_NoFinePOS.py	Slovak	Slovak	RANDOM_BY_TYPE	10	0.00188807167419	1.59654968124	2616575	5.49276871285
yWithMorphologySequentialStreamDropoutDev_BaselineLanguage_Fast_SaveLast_NoFinePOS.py	Slovak	Slovak	RANDOM_BY_TYPE	11	0.00203009092644	1.59654968124	2616575	5.49276871285
yWithMorphologySequentialStreamDropoutDev_BaselineLanguage_Fast_SaveLast_NoFinePOS.py	Slovak	Slovak	RANDOM_BY_TYPE	12	0.00119146933294	1.59654968124	2616575	5.49276871285
yWithMorphologySequentialStreamDropoutDev_BaselineLanguage_Fast_SaveLast_NoFinePOS.py	Slovak	Slovak	RANDOM_BY_TYPE	13	0.00058661058341	1.59654968124	2616575	5.49276871285
yWithMorphologySequentialStreamDropoutDev_BaselineLanguage_Fast_SaveLast_NoFinePOS.py	Slovak	Slovak	RANDOM_BY_TYPE	14	0.000455968673915	1.59654968124	2616575	5.49276871285
yWithMorphologySequentialStreamDropoutDev_BaselineLanguage_Fast_SaveLast_NoFinePOS.py	Slovak	Slovak	RANDOM_BY_TYPE	15	0.000294384401139	1.59654968124	2616575	5.49276871285
yWithMorphologySequentialStreamDropoutDev_BaselineLanguage_Fast_SaveLast_NoFinePOS.py	Slovak	Slovak	RANDOM_BY_TYPE	16	0	1.59654968124	2616575	5.49276871285
yWithMorphologySequentialStreamDropoutDev_BaselineLanguage_Fast_SaveLast_NoFinePOS.py	Slovak	Slovak	RANDOM_BY_TYPE	17	0.000784703721739	1.59654968124	2616575	5.49276871285
yWithMorphologySequentialStreamDropoutDev_BaselineLanguage_Fast_SaveLast_NoFinePOS.py	Slovak	Slovak	RANDOM_BY_TYPE	18	0.000358409914252	1.59654968124	2616575	5.49276871285
yWithMorphologySequentialStreamDropoutDev_BaselineLanguage_Fast_SaveLast_NoFinePOS.py	Slovak	Slovak	RANDOM_BY_TYPE	19	9.0029141675e-06	1.59654968124	2616575	5.49276871285
yWithMorphologySequentialStreamDropoutDev_BaselineLanguage_Fast_SaveLast_NoFinePOS.py	Slovak	Slovak	RANDOM_BY_TYPE	1	1.30859409681	1.58986572276	4217118	5.46655335173
yWithMorphologySequentialStreamDropoutDev_BaselineLanguage_Fast_SaveLast_NoFinePOS.py	Slovak	Slovak	RANDOM_BY_TYPE	2	0.190752204232	1.58986572276	4217118	5.46655335173
yWithMorphologySequentialStreamDropoutDev_BaselineLanguage_Fast_SaveLast_NoFinePOS.py	Slovak	Slovak	RANDOM_BY_TYPE	3	0.0399184678515	1.58986572276	4217118	5.46655335173
yWithMorphologySequentialStreamDropoutDev_BaselineLanguage_Fast_SaveLast_NoFinePOS.py	Slovak	Slovak	RANDOM_BY_TYPE	4	0.0173774729853	1.58986572276	4217118	5.46655335173
yWithMorphologySequentialStreamDropoutDev_BaselineLanguage_Fast_SaveLast_NoFinePOS.py	Slovak	Slovak	RANDOM_BY_TYPE	5	0.00668658744799	1.58986572276	4217118	5.46655335173
yWithMorphologySequentialStreamDropoutDev_BaselineLanguage_Fast_SaveLast_NoFinePOS.py	Slovak	Slovak	RANDOM_BY_TYPE	6	0.00820824605961	1.58986572276	4217118	5.46655335173
yWithMorphologySequentialStreamDropoutDev_BaselineLanguage_Fast_SaveLast_NoFinePOS.py	Slovak	Slovak	RANDOM_BY_TYPE	7	0.00734437577528	1.58986572276	4217118	5.46655335173
yWithMorphologySequentialStreamDropoutDev_BaselineLanguage_Fast_SaveLast_NoFinePOS.py	Slovak	Slovak	RANDOM_BY_TYPE	8	0.00139771450872	1.58986572276	4217118	5.46655335173
yWithMorphologySequentialStreamDropoutDev_BaselineLanguage_Fast_SaveLast_NoFinePOS.py	Slovak	Slovak	RANDOM_BY_TYPE	9	0.00176819248559	1.58986572276	4217118	5.46655335173
yWithMorphologySequentialStreamDropoutDev_BaselineLanguage_Fast_SaveLast_NoFinePOS.py	Slovak	Slovak	RANDOM_BY_TYPE	10	0.0018464197443	1.58986572276	4217118	5.46655335173
yWithMorphologySequentialStreamDropoutDev_BaselineLanguage_Fast_SaveLast_NoFinePOS.py	Slovak	Slovak	RANDOM_BY_TYPE	11	0.00196309350941	1.58986572276	4217118	5.46655335173
yWithMorphologySequentialStreamDropoutDev_BaselineLanguage_Fast_SaveLast_NoFinePOS.py	Slovak	Slovak	RANDOM_BY_TYPE	12	0.000856409456632	1.58986572276	4217118	5.46655335173
yWithMorphologySequentialStreamDropoutDev_BaselineLanguage_Fast_SaveLast_NoFinePOS.py	Slovak	Slovak	RANDOM_BY_TYPE	13	0.00120514308753	1.58986572276	4217118	5.46655335173
yWithMorphologySequentialStreamDropoutDev_BaselineLanguage_Fast_SaveLast_NoFinePOS.py	Slovak	Slovak	RANDOM_BY_TYPE	14	0.000580815378934	1.58986572276	4217118	5.46655335173
yWithMorphologySequentialStreamDropoutDev_BaselineLanguage_Fast_SaveLast_NoFinePOS.py	Slovak	Slovak	RANDOM_BY_TYPE	15	0	1.58986572276	4217118	5.46655335173
yWithMorphologySequentialStreamDropoutDev_BaselineLanguage_Fast_SaveLast_NoFinePOS.py	Slovak	Slovak	RANDOM_BY_TYPE	16	0.00053099557145	1.58986572276	4217118	5.46655335173
yWithMorphologySequentialStreamDropoutDev_BaselineLanguage_Fast_SaveLast_NoFinePOS.py	Slovak	Slovak	RANDOM_BY_TYPE	17	0.000763180606985	1.58986572276	4217118	5.46655335173
yWithMorphologySequentialStreamDropoutDev_BaselineLanguage_Fast_SaveLast_NoFinePOS.py	Slovak	Slovak	RANDOM_BY_TYPE	18	0.000216634428665	1.58986572276	4217118	5.46655335173
yWithMorphologySequentialStreamDropoutDev_BaselineLanguage_Fast_SaveLast_NoFinePOS.py	Slovak	Slovak	RANDOM_BY_TYPE	19	0	1.58986572276	4217118	5.46655335173
yWithMorphologySequentialStreamDropoutDev_BaselineLanguage_Fast_SaveLast_NoFinePOS.py	Slovak	Slovak	RANDOM_BY_TYPE	1	1.19698104969	1.47636413848	2076695	5.46747095364
yWithMorphologySequentialStreamDropoutDev_BaselineLanguage_Fast_SaveLast_NoFinePOS.py	Slovak	Slovak	RANDOM_BY_TYPE	2	0.145002724292	1.47636413848	2076695	5.46747095364
yWithMorphologySequentialStreamDropoutDev_BaselineLanguage_Fast_SaveLast_NoFinePOS.py	Slovak	Slovak	RANDOM_BY_TYPE	3	0.0565489698355	1.47636413848	2076695	5.46747095364
yWithMorphologySequentialStreamDropoutDev_BaselineLanguage_Fast_SaveLast_NoFinePOS.py	Slovak	Slovak	RANDOM_BY_TYPE	4	0.0293975263426	1.47636413848	2076695	5.46747095364
yWithMorphologySequentialStreamDropoutDev_BaselineLanguage_Fast_SaveLast_NoFinePOS.py	Slovak	Slovak	RANDOM_BY_TYPE	5	0.0177321980669	1.47636413848	2076695	5.46747095364
yWithMorphologySequentialStreamDropoutDev_BaselineLanguage_Fast_SaveLast_NoFinePOS.py	Slovak	Slovak	RANDOM_BY_TYPE	6	0.00798164365226	1.47636413848	2076695	5.46747095364
yWithMorphologySequentialStreamDropoutDev_BaselineLanguage_Fast_SaveLast_NoFinePOS.py	Slovak	Slovak	RANDOM_BY_TYPE	7	0.00702533591283	1.47636413848	2076695	5.46747095364
yWithMorphologySequentialStreamDropoutDev_BaselineLanguage_Fast_SaveLast_NoFinePOS.py	Slovak	Slovak	RANDOM_BY_TYPE	8	0.00623153076596	1.47636413848	2076695	5.46747095364
yWithMorphologySequentialStreamDropoutDev_BaselineLanguage_Fast_SaveLast_NoFinePOS.py	Slovak	Slovak	RANDOM_BY_TYPE	9	0.00244490022529	1.47636413848	2076695	5.46747095364
yWithMorphologySequentialStreamDropoutDev_BaselineLanguage_Fast_SaveLast_NoFinePOS.py	Slovak	Slovak	RANDOM_BY_TYPE	10	0.00161905582637	1.47636413848	2076695	5.46747095364
yWithMorphologySequentialStreamDropoutDev_BaselineLanguage_Fast_SaveLast_NoFinePOS.py	Slovak	Slovak	RANDOM_BY_TYPE	11	0.00202349693808	1.47636413848	2076695	5.46747095364
yWithMorphologySequentialStreamDropoutDev_BaselineLanguage_Fast_SaveLast_NoFinePOS.py	Slovak	Slovak	RANDOM_BY_TYPE	12	0.000970754966344	1.47636413848	2076695	5.46747095364
yWithMorphologySequentialStreamDropoutDev_BaselineLanguage_Fast_SaveLast_NoFinePOS.py	Slovak	Slovak	RANDOM_BY_TYPE	13	0.000547709285396	1.47636413848	2076695	5.46747095364
yWithMorphologySequentialStreamDropoutDev_BaselineLanguage_Fast_SaveLast_NoFinePOS.py	Slovak	Slovak	RANDOM_BY_TYPE	14	0.000283827806173	1.47636413848	2076695	5.46747095364
yWithMorphologySequentialStreamDropoutDev_BaselineLanguage_Fast_SaveLast_NoFinePOS.py	Slovak	Slovak	RANDOM_BY_TYPE	15	0.00119502356608	1.47636413848	2076695	5.46747095364
yWithMorphologySequentialStreamDropoutDev_BaselineLanguage_Fast_SaveLast_NoFinePOS.py	Slovak	Slovak	RANDOM_BY_TYPE	16	0.000261682802684	1.47636413848	2076695	5.46747095364
yWithMorphologySequentialStreamDropoutDev_BaselineLanguage_Fast_SaveLast_NoFinePOS.py	Slovak	Slovak	RANDOM_BY_TYPE	17	0.000796709444425	1.47636413848	2076695	5.46747095364
yWithMorphologySequentialStreamDropoutDev_BaselineLanguage_Fast_SaveLast_NoFinePOS.py	Slovak	Slovak	RANDOM_BY_TYPE	18	0	1.47636413848	2076695	5.46747095364
yWithMorphologySequentialStreamDropoutDev_BaselineLanguage_Fast_SaveLast_NoFinePOS.py	Slovak	Slovak	RANDOM_BY_TYPE	19	0	1.47636413848	2076695	5.46747095364
yWithMorphologySequentialStreamDropoutDev_BaselineLanguage_Fast_SaveLast_NoFinePOS.py	Slovak	Slovak	RANDOM_BY_TYPE	1	1.37034107185	1.66363322216	8274089	5.485959993
yWithMorphologySequentialStreamDropoutDev_BaselineLanguage_Fast_SaveLast_NoFinePOS.py	Slovak	Slovak	RANDOM_BY_TYPE	2	0.163182451913	1.66363322216	8274089	5.485959993
yWithMorphologySequentialStreamDropoutDev_BaselineLanguage_Fast_SaveLast_NoFinePOS.py	Slovak	Slovak	RANDOM_BY_TYPE	3	0.0434714738637	1.66363322216	8274089	5.485959993
yWithMorphologySequentialStreamDropoutDev_BaselineLanguage_Fast_SaveLast_NoFinePOS.py	Slovak	Slovak	RANDOM_BY_TYPE	4	0.0249978956703	1.66363322216	8274089	5.485959993
yWithMorphologySequentialStreamDropoutDev_BaselineLanguage_Fast_SaveLast_NoFinePOS.py	Slovak	Slovak	RANDOM_BY_TYPE	5	0.0158156406798	1.66363322216	8274089	5.485959993
yWithMorphologySequentialStreamDropoutDev_BaselineLanguage_Fast_SaveLast_NoFinePOS.py	Slovak	Slovak	RANDOM_BY_TYPE	6	0.00958124872756	1.66363322216	8274089	5.485959993
yWithMorphologySequentialStreamDropoutDev_BaselineLanguage_Fast_SaveLast_NoFinePOS.py	Slovak	Slovak	RANDOM_BY_TYPE	7	0.00883838232249	1.66363322216	8274089	5.485959993
yWithMorphologySequentialStreamDropoutDev_BaselineLanguage_Fast_SaveLast_NoFinePOS.py	Slovak	Slovak	RANDOM_BY_TYPE	8	0.00562117544756	1.66363322216	8274089	5.485959993
yWithMorphologySequentialStreamDropoutDev_BaselineLanguage_Fast_SaveLast_NoFinePOS.py	Slovak	Slovak	RANDOM_BY_TYPE	9	0.00467997087191	1.66363322216	8274089	5.485959993
yWithMorphologySequentialStreamDropoutDev_BaselineLanguage_Fast_SaveLast_NoFinePOS.py	Slovak	Slovak	RANDOM_BY_TYPE	10	0.00397317225802	1.66363322216	8274089	5.485959993
yWithMorphologySequentialStreamDropoutDev_BaselineLanguage_Fast_SaveLast_NoFinePOS.py	Slovak	Slovak	RANDOM_BY_TYPE	11	0.0040567191088	1.66363322216	8274089	5.485959993
yWithMorphologySequentialStreamDropoutDev_BaselineLanguage_Fast_SaveLast_NoFinePOS.py	Slovak	Slovak	RANDOM_BY_TYPE	12	0.00328911514315	1.66363322216	8274089	5.485959993
yWithMorphologySequentialStreamDropoutDev_BaselineLanguage_Fast_SaveLast_NoFinePOS.py	Slovak	Slovak	RANDOM_BY_TYPE	13	0.00211230936932	1.66363322216	8274089	5.485959993
yWithMorphologySequentialStreamDropoutDev_BaselineLanguage_Fast_SaveLast_NoFinePOS.py	Slovak	Slovak	RANDOM_BY_TYPE	14	0.00118173279174	1.66363322216	8274089	5.485959993
yWithMorphologySequentialStreamDropoutDev_BaselineLanguage_Fast_SaveLast_NoFinePOS.py	Slovak	Slovak	RANDOM_BY_TYPE	15	9.8346235001e-05	1.66363322216	8274089	5.485959993
yWithMorphologySequentialStreamDropoutDev_BaselineLanguage_Fast_SaveLast_NoFinePOS.py	Slovak	Slovak	RANDOM_BY_TYPE	16	0.00080101996252	1.66363322216	8274089	5.485959993
yWithMorphologySequentialStreamDropoutDev_BaselineLanguage_Fast_SaveLast_NoFinePOS.py	Slovak	Slovak	RANDOM_BY_TYPE	17	0.000622270858451	1.66363322216	8274089	5.485959993
yWithMorphologySequentialStreamDropoutDev_BaselineLanguage_Fast_SaveLast_NoFinePOS.py	Slovak	Slovak	RANDOM_BY_TYPE	18	0.00068538674753	1.66363322216	8274089	5.485959993
yWithMorphologySequentialStreamDropoutDev_BaselineLanguage_Fast_SaveLast_NoFinePOS.py	Slovak	Slovak	RANDOM_BY_TYPE	19	0.000283838339048	1.66363322216	8274089	5.485959993
yWithMorphologySequentialStreamDropoutDev_BaselineLanguage_Fast_SaveLast_NoFinePOS.py	Slovak	Slovak	RANDOM_BY_TYPE	1	1.24113748147	1.53975463048	260927148	5.45786716554
yWithMorphologySequentialStreamDropoutDev_BaselineLanguage_Fast_SaveLast_NoFinePOS.py	Slovak	Slovak	RANDOM_BY_TYPE	2	0.186323321315	1.53975463048	260927148	5.45786716554
yWithMorphologySequentialStreamDropoutDev_BaselineLanguage_Fast_SaveLast_NoFinePOS.py	Slovak	Slovak	RANDOM_BY_TYPE	3	0.0575066181487	1.53975463048	260927148	5.45786716554
yWithMorphologySequentialStreamDropoutDev_BaselineLanguage_Fast_SaveLast_NoFinePOS.py	Slovak	Slovak	RANDOM_BY_TYPE	4	0.0253213962463	1.53975463048	260927148	5.45786716554
yWithMorphologySequentialStreamDropoutDev_BaselineLanguage_Fast_SaveLast_NoFinePOS.py	Slovak	Slovak	RANDOM_BY_TYPE	5	0.0135798983786	1.53975463048	260927148	5.45786716554
yWithMorphologySequentialStreamDropoutDev_BaselineLanguage_Fast_SaveLast_NoFinePOS.py	Slovak	Slovak	RANDOM_BY_TYPE	6	0.00225177370522	1.53975463048	260927148	5.45786716554
yWithMorphologySequentialStreamDropoutDev_BaselineLanguage_Fast_SaveLast_NoFinePOS.py	Slovak	Slovak	RANDOM_BY_TYPE	7	0.00482611260185	1.53975463048	260927148	5.45786716554
yWithMorphologySequentialStreamDropoutDev_BaselineLanguage_Fast_SaveLast_NoFinePOS.py	Slovak	Slovak	RANDOM_BY_TYPE	8	0.00301749689938	1.53975463048	260927148	5.45786716554
yWithMorphologySequentialStreamDropoutDev_BaselineLanguage_Fast_SaveLast_NoFinePOS.py	Slovak	Slovak	RANDOM_BY_TYPE	9	0.00304165396788	1.53975463048	260927148	5.45786716554
yWithMorphologySequentialStreamDropoutDev_BaselineLanguage_Fast_SaveLast_NoFinePOS.py	Slovak	Slovak	RANDOM_BY_TYPE	10	0.00162364146481	1.53975463048	260927148	5.45786716554
yWithMorphologySequentialStreamDropoutDev_BaselineLanguage_Fast_SaveLast_NoFinePOS.py	Slovak	Slovak	RANDOM_BY_TYPE	11	0	1.53975463048	260927148	5.45786716554
yWithMorphologySequentialStreamDropoutDev_BaselineLanguage_Fast_SaveLast_NoFinePOS.py	Slovak	Slovak	RANDOM_BY_TYPE	12	0.000270645667429	1.53975463048	260927148	5.45786716554
yWithMorphologySequentialStreamDropoutDev_BaselineLanguage_Fast_SaveLast_NoFinePOS.py	Slovak	Slovak	RANDOM_BY_TYPE	13	0.000545410913964	1.53975463048	260927148	5.45786716554
yWithMorphologySequentialStreamDropoutDev_BaselineLanguage_Fast_SaveLast_NoFinePOS.py	Slovak	Slovak	RANDOM_BY_TYPE	14	0.000415244821	1.53975463048	260927148	5.45786716554
yWithMorphologySequentialStreamDropoutDev_BaselineLanguage_Fast_SaveLast_NoFinePOS.py	Slovak	Slovak	RANDOM_BY_TYPE	15	0.00040863478837	1.53975463048	260927148	5.45786716554
yWithMorphologySequentialStreamDropoutDev_BaselineLanguage_Fast_SaveLast_NoFinePOS.py	Slovak	Slovak	RANDOM_BY_TYPE	16	2.72552444511e-05	1.53975463048	260927148	5.45786716554
yWithMorphologySequentialStreamDropoutDev_BaselineLanguage_Fast_SaveLast_NoFinePOS.py	Slovak	Slovak	RANDOM_BY_TYPE	17	0	1.53975463048	260927148	5.45786716554
yWithMorphologySequentialStreamDropoutDev_BaselineLanguage_Fast_SaveLast_NoFinePOS.py	Slovak	Slovak	RANDOM_BY_TYPE	18	3.53933605428e-05	1.53975463048	260927148	5.45786716554
yWithMorphologySequentialStreamDropoutDev_BaselineLanguage_Fast_SaveLast_NoFinePOS.py	Slovak	Slovak	RANDOM_BY_TYPE	19	0.00020175751758	1.53975463048	260927148	5.45786716554
yWithMorphologySequentialStreamDropoutDev_BaselineLanguage_Fast_SaveLast_NoFinePOS.py	Slovak	Slovak	RANDOM_BY_TYPE	1	1.35472608915	1.58634748126	9507253	5.46957802952
yWithMorphologySequentialStreamDropoutDev_BaselineLanguage_Fast_SaveLast_NoFinePOS.py	Slovak	Slovak	RANDOM_BY_TYPE	2	0.14889830259	1.58634748126	9507253	5.46957802952
yWithMorphologySequentialStreamDropoutDev_BaselineLanguage_Fast_SaveLast_NoFinePOS.py	Slovak	Slovak	RANDOM_BY_TYPE	3	0.0423316653052	1.58634748126	9507253	5.46957802952
yWithMorphologySequentialStreamDropoutDev_BaselineLanguage_Fast_SaveLast_NoFinePOS.py	Slovak	Slovak	RANDOM_BY_TYPE	4	0.015317492534	1.58634748126	9507253	5.46957802952
yWithMorphologySequentialStreamDropoutDev_BaselineLanguage_Fast_SaveLast_NoFinePOS.py	Slovak	Slovak	RANDOM_BY_TYPE	5	0.00966217856701	1.58634748126	9507253	5.46957802952
yWithMorphologySequentialStreamDropoutDev_BaselineLanguage_Fast_SaveLast_NoFinePOS.py	Slovak	Slovak	RANDOM_BY_TYPE	6	0.00589315976999	1.58634748126	9507253	5.46957802952
yWithMorphologySequentialStreamDropoutDev_BaselineLanguage_Fast_SaveLast_NoFinePOS.py	Slovak	Slovak	RANDOM_BY_TYPE	7	0.00164232735764	1.58634748126	9507253	5.46957802952
yWithMorphologySequentialStreamDropoutDev_BaselineLanguage_Fast_SaveLast_NoFinePOS.py	Slovak	Slovak	RANDOM_BY_TYPE	8	0.00380839293134	1.58634748126	9507253	5.46957802952
yWithMorphologySequentialStreamDropoutDev_BaselineLanguage_Fast_SaveLast_NoFinePOS.py	Slovak	Slovak	RANDOM_BY_TYPE	9	0.000435614095975	1.58634748126	9507253	5.46957802952
yWithMorphologySequentialStreamDropoutDev_BaselineLanguage_Fast_SaveLast_NoFinePOS.py	Slovak	Slovak	RANDOM_BY_TYPE	10	0.00197541052348	1.58634748126	9507253	5.46957802952
yWithMorphologySequentialStreamDropoutDev_BaselineLanguage_Fast_SaveLast_NoFinePOS.py	Slovak	Slovak	RANDOM_BY_TYPE	11	0.000431998176118	1.58634748126	9507253	5.46957802952
yWithMorphologySequentialStreamDropoutDev_BaselineLanguage_Fast_SaveLast_NoFinePOS.py	Slovak	Slovak	RANDOM_BY_TYPE	12	0.000383956709953	1.58634748126	9507253	5.46957802952
yWithMorphologySequentialStreamDropoutDev_BaselineLanguage_Fast_SaveLast_NoFinePOS.py	Slovak	Slovak	RANDOM_BY_TYPE	13	0.000365162630604	1.58634748126	9507253	5.46957802952
yWithMorphologySequentialStreamDropoutDev_BaselineLanguage_Fast_SaveLast_NoFinePOS.py	Slovak	Slovak	RANDOM_BY_TYPE	14	0.0002852182274	1.58634748126	9507253	5.46957802952
yWithMorphologySequentialStreamDropoutDev_BaselineLanguage_Fast_SaveLast_NoFinePOS.py	Slovak	Slovak	RANDOM_BY_TYPE	15	0.000735368671482	1.58634748126	9507253	5.46957802952
yWithMorphologySequentialStreamDropoutDev_BaselineLanguage_Fast_SaveLast_NoFinePOS.py	Slovak	Slovak	RANDOM_BY_TYPE	16	0	1.58634748126	9507253	5.46957802952
yWithMorphologySequentialStreamDropoutDev_BaselineLanguage_Fast_SaveLast_NoFinePOS.py	Slovak	Slovak	RANDOM_BY_TYPE	17	0	1.58634748126	9507253	5.46957802952
yWithMorphologySequentialStreamDropoutDev_BaselineLanguage_Fast_SaveLast_NoFinePOS.py	Slovak	Slovak	RANDOM_BY_TYPE	18	0	1.58634748126	9507253	5.46957802952
yWithMorphologySequentialStreamDropoutDev_BaselineLanguage_Fast_SaveLast_NoFinePOS.py	Slovak	Slovak	RANDOM_BY_TYPE	19	5.90286026259e-05	1.58634748126	9507253	5.46957802952
yWithMorphologySequentialStreamDropoutDev_BaselineLanguage_Fast_SaveLast_NoFinePOS.py	Slovak	Slovak	RANDOM_BY_TYPE	1	1.25694095039	1.60717112475	5103992	5.51128447525
yWithMorphologySequentialStreamDropoutDev_BaselineLanguage_Fast_SaveLast_NoFinePOS.py	Slovak	Slovak	RANDOM_BY_TYPE	2	0.242074725889	1.60717112475	5103992	5.51128447525
yWithMorphologySequentialStreamDropoutDev_BaselineLanguage_Fast_SaveLast_NoFinePOS.py	Slovak	Slovak	RANDOM_BY_TYPE	3	0.0515001987758	1.60717112475	5103992	5.51128447525
yWithMorphologySequentialStreamDropoutDev_BaselineLanguage_Fast_SaveLast_NoFinePOS.py	Slovak	Slovak	RANDOM_BY_TYPE	4	0.0161345412062	1.60717112475	5103992	5.51128447525
yWithMorphologySequentialStreamDropoutDev_BaselineLanguage_Fast_SaveLast_NoFinePOS.py	Slovak	Slovak	RANDOM_BY_TYPE	5	0.0116004291054	1.60717112475	5103992	5.51128447525
yWithMorphologySequentialStreamDropoutDev_BaselineLanguage_Fast_SaveLast_NoFinePOS.py	Slovak	Slovak	RANDOM_BY_TYPE	6	0.00604504934729	1.60717112475	5103992	5.51128447525
yWithMorphologySequentialStreamDropoutDev_BaselineLanguage_Fast_SaveLast_NoFinePOS.py	Slovak	Slovak	RANDOM_BY_TYPE	7	0.0063942517728	1.60717112475	5103992	5.51128447525
yWithMorphologySequentialStreamDropoutDev_BaselineLanguage_Fast_SaveLast_NoFinePOS.py	Slovak	Slovak	RANDOM_BY_TYPE	8	0.00231960987392	1.60717112475	5103992	5.51128447525
yWithMorphologySequentialStreamDropoutDev_BaselineLanguage_Fast_SaveLast_NoFinePOS.py	Slovak	Slovak	RANDOM_BY_TYPE	9	0.00328231274265	1.60717112475	5103992	5.51128447525
yWithMorphologySequentialStreamDropoutDev_BaselineLanguage_Fast_SaveLast_NoFinePOS.py	Slovak	Slovak	RANDOM_BY_TYPE	10	0.00249447410237	1.60717112475	5103992	5.51128447525
yWithMorphologySequentialStreamDropoutDev_BaselineLanguage_Fast_SaveLast_NoFinePOS.py	Slovak	Slovak	RANDOM_BY_TYPE	11	0.00231071816732	1.60717112475	5103992	5.51128447525
yWithMorphologySequentialStreamDropoutDev_BaselineLanguage_Fast_SaveLast_NoFinePOS.py	Slovak	Slovak	RANDOM_BY_TYPE	12	0.00209641734215	1.60717112475	5103992	5.51128447525
yWithMorphologySequentialStreamDropoutDev_BaselineLanguage_Fast_SaveLast_NoFinePOS.py	Slovak	Slovak	RANDOM_BY_TYPE	13	0.000563780902183	1.60717112475	5103992	5.51128447525
yWithMorphologySequentialStreamDropoutDev_BaselineLanguage_Fast_SaveLast_NoFinePOS.py	Slovak	Slovak	RANDOM_BY_TYPE	14	0.00167660170222	1.60717112475	5103992	5.51128447525
yWithMorphologySequentialStreamDropoutDev_BaselineLanguage_Fast_SaveLast_NoFinePOS.py	Slovak	Slovak	RANDOM_BY_TYPE	15	0.000502081929821	1.60717112475	5103992	5.51128447525
yWithMorphologySequentialStreamDropoutDev_BaselineLanguage_Fast_SaveLast_NoFinePOS.py	Slovak	Slovak	RANDOM_BY_TYPE	16	0.000587243209146	1.60717112475	5103992	5.51128447525
yWithMorphologySequentialStreamDropoutDev_BaselineLanguage_Fast_SaveLast_NoFinePOS.py	Slovak	Slovak	RANDOM_BY_TYPE	17	0.000142111027078	1.60717112475	5103992	5.51128447525
yWithMorphologySequentialStreamDropoutDev_BaselineLanguage_Fast_SaveLast_NoFinePOS.py	Slovak	Slovak	RANDOM_BY_TYPE	18	0.000516175203127	1.60717112475	5103992	5.51128447525
yWithMorphologySequentialStreamDropoutDev_BaselineLanguage_Fast_SaveLast_NoFinePOS.py	Slovak	Slovak	RANDOM_BY_TYPE	19	0	1.60717112475	5103992	5.51128447525
yWithMorphologySequentialStreamDropoutDev_BaselineLanguage_Fast_SaveLast_NoFinePOS.py	Slovak	Slovak	RANDOM_BY_TYPE	1	1.41461163653	1.64093479351	2947510	5.46413859141
yWithMorphologySequentialStreamDropoutDev_BaselineLanguage_Fast_SaveLast_NoFinePOS.py	Slovak	Slovak	RANDOM_BY_TYPE	2	0.143283553483	1.64093479351	2947510	5.46413859141
yWithMorphologySequentialStreamDropoutDev_BaselineLanguage_Fast_SaveLast_NoFinePOS.py	Slovak	Slovak	RANDOM_BY_TYPE	3	0.0302475049479	1.64093479351	2947510	5.46413859141
yWithMorphologySequentialStreamDropoutDev_BaselineLanguage_Fast_SaveLast_NoFinePOS.py	Slovak	Slovak	RANDOM_BY_TYPE	4	0.013469892087	1.64093479351	2947510	5.46413859141
yWithMorphologySequentialStreamDropoutDev_BaselineLanguage_Fast_SaveLast_NoFinePOS.py	Slovak	Slovak	RANDOM_BY_TYPE	5	0.0121673810972	1.64093479351	2947510	5.46413859141
yWithMorphologySequentialStreamDropoutDev_BaselineLanguage_Fast_SaveLast_NoFinePOS.py	Slovak	Slovak	RANDOM_BY_TYPE	6	0.0067685012948	1.64093479351	2947510	5.46413859141
yWithMorphologySequentialStreamDropoutDev_BaselineLanguage_Fast_SaveLast_NoFinePOS.py	Slovak	Slovak	RANDOM_BY_TYPE	7	0.00396809978028	1.64093479351	2947510	5.46413859141
yWithMorphologySequentialStreamDropoutDev_BaselineLanguage_Fast_SaveLast_NoFinePOS.py	Slovak	Slovak	RANDOM_BY_TYPE	8	0.00417290040075	1.64093479351	2947510	5.46413859141
yWithMorphologySequentialStreamDropoutDev_BaselineLanguage_Fast_SaveLast_NoFinePOS.py	Slovak	Slovak	RANDOM_BY_TYPE	9	0.00255327065514	1.64093479351	2947510	5.46413859141
yWithMorphologySequentialStreamDropoutDev_BaselineLanguage_Fast_SaveLast_NoFinePOS.py	Slovak	Slovak	RANDOM_BY_TYPE	10	0.00318719912065	1.64093479351	2947510	5.46413859141
yWithMorphologySequentialStreamDropoutDev_BaselineLanguage_Fast_SaveLast_NoFinePOS.py	Slovak	Slovak	RANDOM_BY_TYPE	11	0.00171690428094	1.64093479351	2947510	5.46413859141
yWithMorphologySequentialStreamDropoutDev_BaselineLanguage_Fast_SaveLast_NoFinePOS.py	Slovak	Slovak	RANDOM_BY_TYPE	12	0.00124091506004	1.64093479351	2947510	5.46413859141
yWithMorphologySequentialStreamDropoutDev_BaselineLanguage_Fast_SaveLast_NoFinePOS.py	Slovak	Slovak	RANDOM_BY_TYPE	13	0.00145832202206	1.64093479351	2947510	5.46413859141
yWithMorphologySequentialStreamDropoutDev_BaselineLanguage_Fast_SaveLast_NoFinePOS.py	Slovak	Slovak	RANDOM_BY_TYPE	14	0	1.64093479351	2947510	5.46413859141
yWithMorphologySequentialStreamDropoutDev_BaselineLanguage_Fast_SaveLast_NoFinePOS.py	Slovak	Slovak	RANDOM_BY_TYPE	15	0.000932724794296	1.64093479351	2947510	5.46413859141
yWithMorphologySequentialStreamDropoutDev_BaselineLanguage_Fast_SaveLast_NoFinePOS.py	Slovak	Slovak	RANDOM_BY_TYPE	16	0.000419709943746	1.64093479351	2947510	5.46413859141
yWithMorphologySequentialStreamDropoutDev_BaselineLanguage_Fast_SaveLast_NoFinePOS.py	Slovak	Slovak	RANDOM_BY_TYPE	17	0.000276912605925	1.64093479351	2947510	5.46413859141
yWithMorphologySequentialStreamDropoutDev_BaselineLanguage_Fast_SaveLast_NoFinePOS.py	Slovak	Slovak	RANDOM_BY_TYPE	18	0.000315110283355	1.64093479351	2947510	5.46413859141
yWithMorphologySequentialStreamDropoutDev_BaselineLanguage_Fast_SaveLast_NoFinePOS.py	Slovak	Slovak	RANDOM_BY_TYPE	19	0.000203395053132	1.64093479351	2947510	5.46413859141
yWithMorphologySequentialStreamDropoutDev_BaselineLanguage_Fast_SaveLast_NoFinePOS.py	Slovak	Slovak	RANDOM_BY_TYPE	1	1.24897248876	1.54815948875	3983450	5.44891237719
yWithMorphologySequentialStreamDropoutDev_BaselineLanguage_Fast_SaveLast_NoFinePOS.py	Slovak	Slovak	RANDOM_BY_TYPE	2	0.154718493476	1.54815948875	3983450	5.44891237719
yWithMorphologySequentialStreamDropoutDev_BaselineLanguage_Fast_SaveLast_NoFinePOS.py	Slovak	Slovak	RANDOM_BY_TYPE	3	0.0634707545989	1.54815948875	3983450	5.44891237719
yWithMorphologySequentialStreamDropoutDev_BaselineLanguage_Fast_SaveLast_NoFinePOS.py	Slovak	Slovak	RANDOM_BY_TYPE	4	0.0319825679064	1.54815948875	3983450	5.44891237719
yWithMorphologySequentialStreamDropoutDev_BaselineLanguage_Fast_SaveLast_NoFinePOS.py	Slovak	Slovak	RANDOM_BY_TYPE	5	0.0163543221477	1.54815948875	3983450	5.44891237719
yWithMorphologySequentialStreamDropoutDev_BaselineLanguage_Fast_SaveLast_NoFinePOS.py	Slovak	Slovak	RANDOM_BY_TYPE	6	0.00989579852313	1.54815948875	3983450	5.44891237719
yWithMorphologySequentialStreamDropoutDev_BaselineLanguage_Fast_SaveLast_NoFinePOS.py	Slovak	Slovak	RANDOM_BY_TYPE	7	0.00648667755192	1.54815948875	3983450	5.44891237719
yWithMorphologySequentialStreamDropoutDev_BaselineLanguage_Fast_SaveLast_NoFinePOS.py	Slovak	Slovak	RANDOM_BY_TYPE	8	0.00264425232802	1.54815948875	3983450	5.44891237719
yWithMorphologySequentialStreamDropoutDev_BaselineLanguage_Fast_SaveLast_NoFinePOS.py	Slovak	Slovak	RANDOM_BY_TYPE	9	0.0044470649876	1.54815948875	3983450	5.44891237719
yWithMorphologySequentialStreamDropoutDev_BaselineLanguage_Fast_SaveLast_NoFinePOS.py	Slovak	Slovak	RANDOM_BY_TYPE	10	0.00400866841617	1.54815948875	3983450	5.44891237719
yWithMorphologySequentialStreamDropoutDev_BaselineLanguage_Fast_SaveLast_NoFinePOS.py	Slovak	Slovak	RANDOM_BY_TYPE	11	0.00101433167719	1.54815948875	3983450	5.44891237719
yWithMorphologySequentialStreamDropoutDev_BaselineLanguage_Fast_SaveLast_NoFinePOS.py	Slovak	Slovak	RANDOM_BY_TYPE	12	0.000615291603624	1.54815948875	3983450	5.44891237719
yWithMorphologySequentialStreamDropoutDev_BaselineLanguage_Fast_SaveLast_NoFinePOS.py	Slovak	Slovak	RANDOM_BY_TYPE	13	0.00125054949767	1.54815948875	3983450	5.44891237719
yWithMorphologySequentialStreamDropoutDev_BaselineLanguage_Fast_SaveLast_NoFinePOS.py	Slovak	Slovak	RANDOM_BY_TYPE	14	0.000700597689577	1.54815948875	3983450	5.44891237719
yWithMorphologySequentialStreamDropoutDev_BaselineLanguage_Fast_SaveLast_NoFinePOS.py	Slovak	Slovak	RANDOM_BY_TYPE	15	0.00056852041042	1.54815948875	3983450	5.44891237719
yWithMorphologySequentialStreamDropoutDev_BaselineLanguage_Fast_SaveLast_NoFinePOS.py	Slovak	Slovak	RANDOM_BY_TYPE	16	0.000846937992801	1.54815948875	3983450	5.44891237719
yWithMorphologySequentialStreamDropoutDev_BaselineLanguage_Fast_SaveLast_NoFinePOS.py	Slovak	Slovak	RANDOM_BY_TYPE	17	9.60693375704e-05	1.54815948875	3983450	5.44891237719
yWithMorphologySequentialStreamDropoutDev_BaselineLanguage_Fast_SaveLast_NoFinePOS.py	Slovak	Slovak	RANDOM_BY_TYPE	18	0.000301139852772	1.54815948875	3983450	5.44891237719
yWithMorphologySequentialStreamDropoutDev_BaselineLanguage_Fast_SaveLast_NoFinePOS.py	Slovak	Slovak	RANDOM_BY_TYPE	19	0	1.54815948875	3983450	5.44891237719
yWithMorphologySequentialStreamDropoutDev_BaselineLanguage_Fast_SaveLast_NoFinePOS.py	Slovak	Slovak	RANDOM_BY_TYPE	1	1.44573812179	1.66481344398	9434241	5.48963200789
yWithMorphologySequentialStreamDropoutDev_BaselineLanguage_Fast_SaveLast_NoFinePOS.py	Slovak	Slovak	RANDOM_BY_TYPE	2	0.142600730756	1.66481344398	9434241	5.48963200789
yWithMorphologySequentialStreamDropoutDev_BaselineLanguage_Fast_SaveLast_NoFinePOS.py	Slovak	Slovak	RANDOM_BY_TYPE	3	0.02909103485	1.66481344398	9434241	5.48963200789
yWithMorphologySequentialStreamDropoutDev_BaselineLanguage_Fast_SaveLast_NoFinePOS.py	Slovak	Slovak	RANDOM_BY_TYPE	4	0.0134753295412	1.66481344398	9434241	5.48963200789
yWithMorphologySequentialStreamDropoutDev_BaselineLanguage_Fast_SaveLast_NoFinePOS.py	Slovak	Slovak	RANDOM_BY_TYPE	5	0.012242411669	1.66481344398	9434241	5.48963200789
yWithMorphologySequentialStreamDropoutDev_BaselineLanguage_Fast_SaveLast_NoFinePOS.py	Slovak	Slovak	RANDOM_BY_TYPE	6	0.0070479351772	1.66481344398	9434241	5.48963200789
yWithMorphologySequentialStreamDropoutDev_BaselineLanguage_Fast_SaveLast_NoFinePOS.py	Slovak	Slovak	RANDOM_BY_TYPE	7	0.00697466281995	1.66481344398	9434241	5.48963200789
yWithMorphologySequentialStreamDropoutDev_BaselineLanguage_Fast_SaveLast_NoFinePOS.py	Slovak	Slovak	RANDOM_BY_TYPE	8	0.00317538797039	1.66481344398	9434241	5.48963200789
yWithMorphologySequentialStreamDropoutDev_BaselineLanguage_Fast_SaveLast_NoFinePOS.py	Slovak	Slovak	RANDOM_BY_TYPE	9	0.00125042628752	1.66481344398	9434241	5.48963200789
yWithMorphologySequentialStreamDropoutDev_BaselineLanguage_Fast_SaveLast_NoFinePOS.py	Slovak	Slovak	RANDOM_BY_TYPE	10	0.000865670793677	1.66481344398	9434241	5.48963200789
yWithMorphologySequentialStreamDropoutDev_BaselineLanguage_Fast_SaveLast_NoFinePOS.py	Slovak	Slovak	RANDOM_BY_TYPE	11	0.00169294035598	1.66481344398	9434241	5.48963200789
yWithMorphologySequentialStreamDropoutDev_BaselineLanguage_Fast_SaveLast_NoFinePOS.py	Slovak	Slovak	RANDOM_BY_TYPE	12	0	1.66481344398	9434241	5.48963200789
yWithMorphologySequentialStreamDropoutDev_BaselineLanguage_Fast_SaveLast_NoFinePOS.py	Slovak	Slovak	RANDOM_BY_TYPE	13	0.000589700961766	1.66481344398	9434241	5.48963200789
yWithMorphologySequentialStreamDropoutDev_BaselineLanguage_Fast_SaveLast_NoFinePOS.py	Slovak	Slovak	RANDOM_BY_TYPE	14	0.000463168220977	1.66481344398	9434241	5.48963200789
yWithMorphologySequentialStreamDropoutDev_BaselineLanguage_Fast_SaveLast_NoFinePOS.py	Slovak	Slovak	RANDOM_BY_TYPE	15	0	1.66481344398	9434241	5.48963200789
yWithMorphologySequentialStreamDropoutDev_BaselineLanguage_Fast_SaveLast_NoFinePOS.py	Slovak	Slovak	RANDOM_BY_TYPE	16	0.000420423729779	1.66481344398	9434241	5.48963200789
yWithMorphologySequentialStreamDropoutDev_BaselineLanguage_Fast_SaveLast_NoFinePOS.py	Slovak	Slovak	RANDOM_BY_TYPE	17	0	1.66481344398	9434241	5.48963200789
yWithMorphologySequentialStreamDropoutDev_BaselineLanguage_Fast_SaveLast_NoFinePOS.py	Slovak	Slovak	RANDOM_BY_TYPE	18	0	1.66481344398	9434241	5.48963200789
yWithMorphologySequentialStreamDropoutDev_BaselineLanguage_Fast_SaveLast_NoFinePOS.py	Slovak	Slovak	RANDOM_BY_TYPE	19	6.45652617495e-05	1.66481344398	9434241	5.48963200789
yWithMorphologySequentialStreamDropoutDev_BaselineLanguage_Fast_SaveLast_NoFinePOS.py	Slovak	Slovak	RANDOM_BY_TYPE	1	1.41505280043	1.67264022256	6564849	5.50301022125
yWithMorphologySequentialStreamDropoutDev_BaselineLanguage_Fast_SaveLast_NoFinePOS.py	Slovak	Slovak	RANDOM_BY_TYPE	2	0.148091183787	1.67264022256	6564849	5.50301022125
yWithMorphologySequentialStreamDropoutDev_BaselineLanguage_Fast_SaveLast_NoFinePOS.py	Slovak	Slovak	RANDOM_BY_TYPE	3	0.0496131882684	1.67264022256	6564849	5.50301022125
yWithMorphologySequentialStreamDropoutDev_BaselineLanguage_Fast_SaveLast_NoFinePOS.py	Slovak	Slovak	RANDOM_BY_TYPE	4	0.0187649518251	1.67264022256	6564849	5.50301022125
yWithMorphologySequentialStreamDropoutDev_BaselineLanguage_Fast_SaveLast_NoFinePOS.py	Slovak	Slovak	RANDOM_BY_TYPE	5	0.00898019389747	1.67264022256	6564849	5.50301022125
yWithMorphologySequentialStreamDropoutDev_BaselineLanguage_Fast_SaveLast_NoFinePOS.py	Slovak	Slovak	RANDOM_BY_TYPE	6	0.00882577696075	1.67264022256	6564849	5.50301022125
yWithMorphologySequentialStreamDropoutDev_BaselineLanguage_Fast_SaveLast_NoFinePOS.py	Slovak	Slovak	RANDOM_BY_TYPE	7	0.00558460399713	1.67264022256	6564849	5.50301022125
yWithMorphologySequentialStreamDropoutDev_BaselineLanguage_Fast_SaveLast_NoFinePOS.py	Slovak	Slovak	RANDOM_BY_TYPE	8	0.00459861024602	1.67264022256	6564849	5.50301022125
yWithMorphologySequentialStreamDropoutDev_BaselineLanguage_Fast_SaveLast_NoFinePOS.py	Slovak	Slovak	RANDOM_BY_TYPE	9	0.00390411080563	1.67264022256	6564849	5.50301022125
yWithMorphologySequentialStreamDropoutDev_BaselineLanguage_Fast_SaveLast_NoFinePOS.py	Slovak	Slovak	RANDOM_BY_TYPE	10	0.00205356111265	1.67264022256	6564849	5.50301022125
yWithMorphologySequentialStreamDropoutDev_BaselineLanguage_Fast_SaveLast_NoFinePOS.py	Slovak	Slovak	RANDOM_BY_TYPE	11	0.000985200968507	1.67264022256	6564849	5.50301022125
yWithMorphologySequentialStreamDropoutDev_BaselineLanguage_Fast_SaveLast_NoFinePOS.py	Slovak	Slovak	RANDOM_BY_TYPE	12	0.00182553835928	1.67264022256	6564849	5.50301022125
yWithMorphologySequentialStreamDropoutDev_BaselineLanguage_Fast_SaveLast_NoFinePOS.py	Slovak	Slovak	RANDOM_BY_TYPE	13	0.00153394455779	1.67264022256	6564849	5.50301022125
yWithMorphologySequentialStreamDropoutDev_BaselineLanguage_Fast_SaveLast_NoFinePOS.py	Slovak	Slovak	RANDOM_BY_TYPE	14	0.000127100495443	1.67264022256	6564849	5.50301022125
yWithMorphologySequentialStreamDropoutDev_BaselineLanguage_Fast_SaveLast_NoFinePOS.py	Slovak	Slovak	RANDOM_BY_TYPE	15	0.000962781007976	1.67264022256	6564849	5.50301022125
yWithMorphologySequentialStreamDropoutDev_BaselineLanguage_Fast_SaveLast_NoFinePOS.py	Slovak	Slovak	RANDOM_BY_TYPE	16	0.000523552870097	1.67264022256	6564849	5.50301022125
yWithMorphologySequentialStreamDropoutDev_BaselineLanguage_Fast_SaveLast_NoFinePOS.py	Slovak	Slovak	RANDOM_BY_TYPE	17	0	1.67264022256	6564849	5.50301022125
yWithMorphologySequentialStreamDropoutDev_BaselineLanguage_Fast_SaveLast_NoFinePOS.py	Slovak	Slovak	RANDOM_BY_TYPE	18	0.000403739491554	1.67264022256	6564849	5.50301022125
yWithMorphologySequentialStreamDropoutDev_BaselineLanguage_Fast_SaveLast_NoFinePOS.py	Slovak	Slovak	RANDOM_BY_TYPE	19	0.00113516996985	1.67264022256	6564849	5.50301022125
yWithMorphologySequentialStreamDropoutDev_BaselineLanguage_Fast_SaveLast_NoFinePOS.py	Slovak	Slovak	RANDOM_BY_TYPE	1	1.35147527036	1.70657675405	3587280	5.52120639621
yWithMorphologySequentialStreamDropoutDev_BaselineLanguage_Fast_SaveLast_NoFinePOS.py	Slovak	Slovak	RANDOM_BY_TYPE	2	0.216492848119	1.70657675405	3587280	5.52120639621
yWithMorphologySequentialStreamDropoutDev_BaselineLanguage_Fast_SaveLast_NoFinePOS.py	Slovak	Slovak	RANDOM_BY_TYPE	3	0.0385366919106	1.70657675405	3587280	5.52120639621
yWithMorphologySequentialStreamDropoutDev_BaselineLanguage_Fast_SaveLast_NoFinePOS.py	Slovak	Slovak	RANDOM_BY_TYPE	4	0.0205583429092	1.70657675405	3587280	5.52120639621
yWithMorphologySequentialStreamDropoutDev_BaselineLanguage_Fast_SaveLast_NoFinePOS.py	Slovak	Slovak	RANDOM_BY_TYPE	5	0.0214934906731	1.70657675405	3587280	5.52120639621
yWithMorphologySequentialStreamDropoutDev_BaselineLanguage_Fast_SaveLast_NoFinePOS.py	Slovak	Slovak	RANDOM_BY_TYPE	6	0.0142412951956	1.70657675405	3587280	5.52120639621
yWithMorphologySequentialStreamDropoutDev_BaselineLanguage_Fast_SaveLast_NoFinePOS.py	Slovak	Slovak	RANDOM_BY_TYPE	7	0.0100744519332	1.70657675405	3587280	5.52120639621
yWithMorphologySequentialStreamDropoutDev_BaselineLanguage_Fast_SaveLast_NoFinePOS.py	Slovak	Slovak	RANDOM_BY_TYPE	8	0.00912518705407	1.70657675405	3587280	5.52120639621
yWithMorphologySequentialStreamDropoutDev_BaselineLanguage_Fast_SaveLast_NoFinePOS.py	Slovak	Slovak	RANDOM_BY_TYPE	9	0.0064735954755	1.70657675405	3587280	5.52120639621
yWithMorphologySequentialStreamDropoutDev_BaselineLanguage_Fast_SaveLast_NoFinePOS.py	Slovak	Slovak	RANDOM_BY_TYPE	10	0.00419242333059	1.70657675405	3587280	5.52120639621
yWithMorphologySequentialStreamDropoutDev_BaselineLanguage_Fast_SaveLast_NoFinePOS.py	Slovak	Slovak	RANDOM_BY_TYPE	11	0.00339079854423	1.70657675405	3587280	5.52120639621
yWithMorphologySequentialStreamDropoutDev_BaselineLanguage_Fast_SaveLast_NoFinePOS.py	Slovak	Slovak	RANDOM_BY_TYPE	12	0.00345515621035	1.70657675405	3587280	5.52120639621
yWithMorphologySequentialStreamDropoutDev_BaselineLanguage_Fast_SaveLast_NoFinePOS.py	Slovak	Slovak	RANDOM_BY_TYPE	13	0.00194074389053	1.70657675405	3587280	5.52120639621
yWithMorphologySequentialStreamDropoutDev_BaselineLanguage_Fast_SaveLast_NoFinePOS.py	Slovak	Slovak	RANDOM_BY_TYPE	14	0.00250313784162	1.70657675405	3587280	5.52120639621
yWithMorphologySequentialStreamDropoutDev_BaselineLanguage_Fast_SaveLast_NoFinePOS.py	Slovak	Slovak	RANDOM_BY_TYPE	15	0.000776347762918	1.70657675405	3587280	5.52120639621
yWithMorphologySequentialStreamDropoutDev_BaselineLanguage_Fast_SaveLast_NoFinePOS.py	Slovak	Slovak	RANDOM_BY_TYPE	16	0.0011588637143	1.70657675405	3587280	5.52120639621
yWithMorphologySequentialStreamDropoutDev_BaselineLanguage_Fast_SaveLast_NoFinePOS.py	Slovak	Slovak	RANDOM_BY_TYPE	17	0	1.70657675405	3587280	5.52120639621
yWithMorphologySequentialStreamDropoutDev_BaselineLanguage_Fast_SaveLast_NoFinePOS.py	Slovak	Slovak	RANDOM_BY_TYPE	18	0.00108678296004	1.70657675405	3587280	5.52120639621
yWithMorphologySequentialStreamDropoutDev_BaselineLanguage_Fast_SaveLast_NoFinePOS.py	Slovak	Slovak	RANDOM_BY_TYPE	19	0	1.70657675405	3587280	5.52120639621
yWithMorphologySequentialStreamDropoutDev_BaselineLanguage_Fast_SaveLast_NoFinePOS.py	Slovak	Slovak	RANDOM_BY_TYPE	1	1.35314427214	1.6523275369	9761269	5.44254829141
yWithMorphologySequentialStreamDropoutDev_BaselineLanguage_Fast_SaveLast_NoFinePOS.py	Slovak	Slovak	RANDOM_BY_TYPE	2	0.219323457757	1.6523275369	9761269	5.44254829141
yWithMorphologySequentialStreamDropoutDev_BaselineLanguage_Fast_SaveLast_NoFinePOS.py	Slovak	Slovak	RANDOM_BY_TYPE	3	0.040042197888	1.6523275369	9761269	5.44254829141
yWithMorphologySequentialStreamDropoutDev_BaselineLanguage_Fast_SaveLast_NoFinePOS.py	Slovak	Slovak	RANDOM_BY_TYPE	4	0.0099692142173	1.6523275369	9761269	5.44254829141
yWithMorphologySequentialStreamDropoutDev_BaselineLanguage_Fast_SaveLast_NoFinePOS.py	Slovak	Slovak	RANDOM_BY_TYPE	5	0.00684087080498	1.6523275369	9761269	5.44254829141
yWithMorphologySequentialStreamDropoutDev_BaselineLanguage_Fast_SaveLast_NoFinePOS.py	Slovak	Slovak	RANDOM_BY_TYPE	6	0.00557869521722	1.6523275369	9761269	5.44254829141
yWithMorphologySequentialStreamDropoutDev_BaselineLanguage_Fast_SaveLast_NoFinePOS.py	Slovak	Slovak	RANDOM_BY_TYPE	7	0.0040577862769	1.6523275369	9761269	5.44254829141
yWithMorphologySequentialStreamDropoutDev_BaselineLanguage_Fast_SaveLast_NoFinePOS.py	Slovak	Slovak	RANDOM_BY_TYPE	8	0.00238595372194	1.6523275369	9761269	5.44254829141
yWithMorphologySequentialStreamDropoutDev_BaselineLanguage_Fast_SaveLast_NoFinePOS.py	Slovak	Slovak	RANDOM_BY_TYPE	9	0.00158098307374	1.6523275369	9761269	5.44254829141
yWithMorphologySequentialStreamDropoutDev_BaselineLanguage_Fast_SaveLast_NoFinePOS.py	Slovak	Slovak	RANDOM_BY_TYPE	10	0.00235918580669	1.6523275369	9761269	5.44254829141
yWithMorphologySequentialStreamDropoutDev_BaselineLanguage_Fast_SaveLast_NoFinePOS.py	Slovak	Slovak	RANDOM_BY_TYPE	11	0.00157363492332	1.6523275369	9761269	5.44254829141
yWithMorphologySequentialStreamDropoutDev_BaselineLanguage_Fast_SaveLast_NoFinePOS.py	Slovak	Slovak	RANDOM_BY_TYPE	12	0.00170785160097	1.6523275369	9761269	5.44254829141
yWithMorphologySequentialStreamDropoutDev_BaselineLanguage_Fast_SaveLast_NoFinePOS.py	Slovak	Slovak	RANDOM_BY_TYPE	13	0.00156077595606	1.6523275369	9761269	5.44254829141
yWithMorphologySequentialStreamDropoutDev_BaselineLanguage_Fast_SaveLast_NoFinePOS.py	Slovak	Slovak	RANDOM_BY_TYPE	14	0.000711763762448	1.6523275369	9761269	5.44254829141
yWithMorphologySequentialStreamDropoutDev_BaselineLanguage_Fast_SaveLast_NoFinePOS.py	Slovak	Slovak	RANDOM_BY_TYPE	15	8.04332837667e-05	1.6523275369	9761269	5.44254829141
yWithMorphologySequentialStreamDropoutDev_BaselineLanguage_Fast_SaveLast_NoFinePOS.py	Slovak	Slovak	RANDOM_BY_TYPE	16	0.000957717920003	1.6523275369	9761269	5.44254829141
yWithMorphologySequentialStreamDropoutDev_BaselineLanguage_Fast_SaveLast_NoFinePOS.py	Slovak	Slovak	RANDOM_BY_TYPE	17	0.000833680164324	1.6523275369	9761269	5.44254829141
yWithMorphologySequentialStreamDropoutDev_BaselineLanguage_Fast_SaveLast_NoFinePOS.py	Slovak	Slovak	RANDOM_BY_TYPE	18	0	1.6523275369	9761269	5.44254829141
yWithMorphologySequentialStreamDropoutDev_BaselineLanguage_Fast_SaveLast_NoFinePOS.py	Slovak	Slovak	RANDOM_BY_TYPE	19	2.2777547577e-06	1.6523275369	9761269	5.44254829141
yWithMorphologySequentialStreamDropoutDev_BaselineLanguage_Fast_SaveLast_NoFinePOS.py	Slovak	Slovak	RANDOM_BY_TYPE	1	1.36944981564	1.6166628591	3794467	5.4917942844
yWithMorphologySequentialStreamDropoutDev_BaselineLanguage_Fast_SaveLast_NoFinePOS.py	Slovak	Slovak	RANDOM_BY_TYPE	2	0.145402045323	1.6166628591	3794467	5.4917942844
yWithMorphologySequentialStreamDropoutDev_BaselineLanguage_Fast_SaveLast_NoFinePOS.py	Slovak	Slovak	RANDOM_BY_TYPE	3	0.0395721977296	1.6166628591	3794467	5.4917942844
yWithMorphologySequentialStreamDropoutDev_BaselineLanguage_Fast_SaveLast_NoFinePOS.py	Slovak	Slovak	RANDOM_BY_TYPE	4	0.0245280409512	1.6166628591	3794467	5.4917942844
yWithMorphologySequentialStreamDropoutDev_BaselineLanguage_Fast_SaveLast_NoFinePOS.py	Slovak	Slovak	RANDOM_BY_TYPE	5	0.0120197594574	1.6166628591	3794467	5.4917942844
yWithMorphologySequentialStreamDropoutDev_BaselineLanguage_Fast_SaveLast_NoFinePOS.py	Slovak	Slovak	RANDOM_BY_TYPE	6	0.00730845911862	1.6166628591	3794467	5.4917942844
yWithMorphologySequentialStreamDropoutDev_BaselineLanguage_Fast_SaveLast_NoFinePOS.py	Slovak	Slovak	RANDOM_BY_TYPE	7	0.0042190236588	1.6166628591	3794467	5.4917942844
yWithMorphologySequentialStreamDropoutDev_BaselineLanguage_Fast_SaveLast_NoFinePOS.py	Slovak	Slovak	RANDOM_BY_TYPE	8	0.00619469627942	1.6166628591	3794467	5.4917942844
yWithMorphologySequentialStreamDropoutDev_BaselineLanguage_Fast_SaveLast_NoFinePOS.py	Slovak	Slovak	RANDOM_BY_TYPE	9	0.0021481395176	1.6166628591	3794467	5.4917942844
yWithMorphologySequentialStreamDropoutDev_BaselineLanguage_Fast_SaveLast_NoFinePOS.py	Slovak	Slovak	RANDOM_BY_TYPE	10	0.00171630647901	1.6166628591	3794467	5.4917942844
yWithMorphologySequentialStreamDropoutDev_BaselineLanguage_Fast_SaveLast_NoFinePOS.py	Slovak	Slovak	RANDOM_BY_TYPE	11	0.0013942256774	1.6166628591	3794467	5.4917942844
yWithMorphologySequentialStreamDropoutDev_BaselineLanguage_Fast_SaveLast_NoFinePOS.py	Slovak	Slovak	RANDOM_BY_TYPE	12	0.00121528155183	1.6166628591	3794467	5.4917942844
yWithMorphologySequentialStreamDropoutDev_BaselineLanguage_Fast_SaveLast_NoFinePOS.py	Slovak	Slovak	RANDOM_BY_TYPE	13	0.000571692969701	1.6166628591	3794467	5.4917942844
yWithMorphologySequentialStreamDropoutDev_BaselineLanguage_Fast_SaveLast_NoFinePOS.py	Slovak	Slovak	RANDOM_BY_TYPE	14	0.00011960647694	1.6166628591	3794467	5.4917942844
yWithMorphologySequentialStreamDropoutDev_BaselineLanguage_Fast_SaveLast_NoFinePOS.py	Slovak	Slovak	RANDOM_BY_TYPE	15	0.000963901085397	1.6166628591	3794467	5.4917942844
yWithMorphologySequentialStreamDropoutDev_BaselineLanguage_Fast_SaveLast_NoFinePOS.py	Slovak	Slovak	RANDOM_BY_TYPE	16	2.9606892638e-05	1.6166628591	3794467	5.4917942844
yWithMorphologySequentialStreamDropoutDev_BaselineLanguage_Fast_SaveLast_NoFinePOS.py	Slovak	Slovak	RANDOM_BY_TYPE	17	0	1.6166628591	3794467	5.4917942844
yWithMorphologySequentialStreamDropoutDev_BaselineLanguage_Fast_SaveLast_NoFinePOS.py	Slovak	Slovak	RANDOM_BY_TYPE	18	0	1.6166628591	3794467	5.4917942844
yWithMorphologySequentialStreamDropoutDev_BaselineLanguage_Fast_SaveLast_NoFinePOS.py	Slovak	Slovak	RANDOM_BY_TYPE	19	0.000157331685497	1.6166628591	3794467	5.4917942844
yWithMorphologySequentialStreamDropoutDev_BaselineLanguage_Fast_SaveLast_NoFinePOS.py	Slovak	Slovak	RANDOM_BY_TYPE	1	1.28736744466	1.60833030355	6290486	5.4813352571
yWithMorphologySequentialStreamDropoutDev_BaselineLanguage_Fast_SaveLast_NoFinePOS.py	Slovak	Slovak	RANDOM_BY_TYPE	2	0.182863455317	1.60833030355	6290486	5.4813352571
yWithMorphologySequentialStreamDropoutDev_BaselineLanguage_Fast_SaveLast_NoFinePOS.py	Slovak	Slovak	RANDOM_BY_TYPE	3	0.0581795487094	1.60833030355	6290486	5.4813352571
yWithMorphologySequentialStreamDropoutDev_BaselineLanguage_Fast_SaveLast_NoFinePOS.py	Slovak	Slovak	RANDOM_BY_TYPE	4	0.0335727094379	1.60833030355	6290486	5.4813352571
yWithMorphologySequentialStreamDropoutDev_BaselineLanguage_Fast_SaveLast_NoFinePOS.py	Slovak	Slovak	RANDOM_BY_TYPE	5	0.0199990685264	1.60833030355	6290486	5.4813352571
yWithMorphologySequentialStreamDropoutDev_BaselineLanguage_Fast_SaveLast_NoFinePOS.py	Slovak	Slovak	RANDOM_BY_TYPE	6	0.00647831702069	1.60833030355	6290486	5.4813352571
yWithMorphologySequentialStreamDropoutDev_BaselineLanguage_Fast_SaveLast_NoFinePOS.py	Slovak	Slovak	RANDOM_BY_TYPE	7	0.00435408598756	1.60833030355	6290486	5.4813352571
yWithMorphologySequentialStreamDropoutDev_BaselineLanguage_Fast_SaveLast_NoFinePOS.py	Slovak	Slovak	RANDOM_BY_TYPE	8	0.00274229706967	1.60833030355	6290486	5.4813352571
yWithMorphologySequentialStreamDropoutDev_BaselineLanguage_Fast_SaveLast_NoFinePOS.py	Slovak	Slovak	RANDOM_BY_TYPE	9	0.00315595603969	1.60833030355	6290486	5.4813352571
yWithMorphologySequentialStreamDropoutDev_BaselineLanguage_Fast_SaveLast_NoFinePOS.py	Slovak	Slovak	RANDOM_BY_TYPE	10	0.0025958797703	1.60833030355	6290486	5.4813352571
yWithMorphologySequentialStreamDropoutDev_BaselineLanguage_Fast_SaveLast_NoFinePOS.py	Slovak	Slovak	RANDOM_BY_TYPE	11	0.00107887636309	1.60833030355	6290486	5.4813352571
yWithMorphologySequentialStreamDropoutDev_BaselineLanguage_Fast_SaveLast_NoFinePOS.py	Slovak	Slovak	RANDOM_BY_TYPE	12	0.000958872902883	1.60833030355	6290486	5.4813352571
yWithMorphologySequentialStreamDropoutDev_BaselineLanguage_Fast_SaveLast_NoFinePOS.py	Slovak	Slovak	RANDOM_BY_TYPE	13	0.000367862884313	1.60833030355	6290486	5.4813352571
yWithMorphologySequentialStreamDropoutDev_BaselineLanguage_Fast_SaveLast_NoFinePOS.py	Slovak	Slovak	RANDOM_BY_TYPE	14	0.00047974051678	1.60833030355	6290486	5.4813352571
yWithMorphologySequentialStreamDropoutDev_BaselineLanguage_Fast_SaveLast_NoFinePOS.py	Slovak	Slovak	RANDOM_BY_TYPE	15	0.00132319910886	1.60833030355	6290486	5.4813352571
yWithMorphologySequentialStreamDropoutDev_BaselineLanguage_Fast_SaveLast_NoFinePOS.py	Slovak	Slovak	RANDOM_BY_TYPE	16	0.000412940979004	1.60833030355	6290486	5.4813352571
yWithMorphologySequentialStreamDropoutDev_BaselineLanguage_Fast_SaveLast_NoFinePOS.py	Slovak	Slovak	RANDOM_BY_TYPE	17	0.00102834105492	1.60833030355	6290486	5.4813352571
yWithMorphologySequentialStreamDropoutDev_BaselineLanguage_Fast_SaveLast_NoFinePOS.py	Slovak	Slovak	RANDOM_BY_TYPE	18	0.000651908696514	1.60833030355	6290486	5.4813352571
yWithMorphologySequentialStreamDropoutDev_BaselineLanguage_Fast_SaveLast_NoFinePOS.py	Slovak	Slovak	RANDOM_BY_TYPE	19	0.000719798509389	1.60833030355	6290486	5.4813352571
yWithMorphologySequentialStreamDropoutDev_BaselineLanguage_Fast_SaveLast_NoFinePOS.py	Slovak	Slovak	RANDOM_BY_TYPE	1	1.29374500215	1.62428427755	5111196	5.50201339301
yWithMorphologySequentialStreamDropoutDev_BaselineLanguage_Fast_SaveLast_NoFinePOS.py	Slovak	Slovak	RANDOM_BY_TYPE	2	0.167123216513	1.62428427755	5111196	5.50201339301
yWithMorphologySequentialStreamDropoutDev_BaselineLanguage_Fast_SaveLast_NoFinePOS.py	Slovak	Slovak	RANDOM_BY_TYPE	3	0.0676531089495	1.62428427755	5111196	5.50201339301
yWithMorphologySequentialStreamDropoutDev_BaselineLanguage_Fast_SaveLast_NoFinePOS.py	Slovak	Slovak	RANDOM_BY_TYPE	4	0.0347648822281	1.62428427755	5111196	5.50201339301
yWithMorphologySequentialStreamDropoutDev_BaselineLanguage_Fast_SaveLast_NoFinePOS.py	Slovak	Slovak	RANDOM_BY_TYPE	5	0.0214258088641	1.62428427755	5111196	5.50201339301
yWithMorphologySequentialStreamDropoutDev_BaselineLanguage_Fast_SaveLast_NoFinePOS.py	Slovak	Slovak	RANDOM_BY_TYPE	6	0.0119402698866	1.62428427755	5111196	5.50201339301
yWithMorphologySequentialStreamDropoutDev_BaselineLanguage_Fast_SaveLast_NoFinePOS.py	Slovak	Slovak	RANDOM_BY_TYPE	7	0.00601623736016	1.62428427755	5111196	5.50201339301
yWithMorphologySequentialStreamDropoutDev_BaselineLanguage_Fast_SaveLast_NoFinePOS.py	Slovak	Slovak	RANDOM_BY_TYPE	8	0.00582735260872	1.62428427755	5111196	5.50201339301
yWithMorphologySequentialStreamDropoutDev_BaselineLanguage_Fast_SaveLast_NoFinePOS.py	Slovak	Slovak	RANDOM_BY_TYPE	9	0.00527163372464	1.62428427755	5111196	5.50201339301
yWithMorphologySequentialStreamDropoutDev_BaselineLanguage_Fast_SaveLast_NoFinePOS.py	Slovak	Slovak	RANDOM_BY_TYPE	10	0.00305129861178	1.62428427755	5111196	5.50201339301
yWithMorphologySequentialStreamDropoutDev_BaselineLanguage_Fast_SaveLast_NoFinePOS.py	Slovak	Slovak	RANDOM_BY_TYPE	11	0.00262688843355	1.62428427755	5111196	5.50201339301
yWithMorphologySequentialStreamDropoutDev_BaselineLanguage_Fast_SaveLast_NoFinePOS.py	Slovak	Slovak	RANDOM_BY_TYPE	12	0.00124408745602	1.62428427755	5111196	5.50201339301
yWithMorphologySequentialStreamDropoutDev_BaselineLanguage_Fast_SaveLast_NoFinePOS.py	Slovak	Slovak	RANDOM_BY_TYPE	13	0.00141173062259	1.62428427755	5111196	5.50201339301
yWithMorphologySequentialStreamDropoutDev_BaselineLanguage_Fast_SaveLast_NoFinePOS.py	Slovak	Slovak	RANDOM_BY_TYPE	14	0.00072647467868	1.62428427755	5111196	5.50201339301
yWithMorphologySequentialStreamDropoutDev_BaselineLanguage_Fast_SaveLast_NoFinePOS.py	Slovak	Slovak	RANDOM_BY_TYPE	15	0.000257571429422	1.62428427755	5111196	5.50201339301
yWithMorphologySequentialStreamDropoutDev_BaselineLanguage_Fast_SaveLast_NoFinePOS.py	Slovak	Slovak	RANDOM_BY_TYPE	16	0.000521022367151	1.62428427755	5111196	5.50201339301
yWithMorphologySequentialStreamDropoutDev_BaselineLanguage_Fast_SaveLast_NoFinePOS.py	Slovak	Slovak	RANDOM_BY_TYPE	17	0.000446663572364	1.62428427755	5111196	5.50201339301
yWithMorphologySequentialStreamDropoutDev_BaselineLanguage_Fast_SaveLast_NoFinePOS.py	Slovak	Slovak	RANDOM_BY_TYPE	18	0	1.62428427755	5111196	5.50201339301
yWithMorphologySequentialStreamDropoutDev_BaselineLanguage_Fast_SaveLast_NoFinePOS.py	Slovak	Slovak	RANDOM_BY_TYPE	19	0.000389593676345	1.62428427755	5111196	5.50201339301
yWithMorphologySequentialStreamDropoutDev_BaselineLanguage_Fast_SaveLast_NoFinePOS.py	Slovak	Slovak	RANDOM_BY_TYPE	1	1.38808417533	1.62414295449	2755577	5.48718151434
yWithMorphologySequentialStreamDropoutDev_BaselineLanguage_Fast_SaveLast_NoFinePOS.py	Slovak	Slovak	RANDOM_BY_TYPE	2	0.131536228322	1.62414295449	2755577	5.48718151434
yWithMorphologySequentialStreamDropoutDev_BaselineLanguage_Fast_SaveLast_NoFinePOS.py	Slovak	Slovak	RANDOM_BY_TYPE	3	0.0404739310888	1.62414295449	2755577	5.48718151434
yWithMorphologySequentialStreamDropoutDev_BaselineLanguage_Fast_SaveLast_NoFinePOS.py	Slovak	Slovak	RANDOM_BY_TYPE	4	0.0211157882459	1.62414295449	2755577	5.48718151434
yWithMorphologySequentialStreamDropoutDev_BaselineLanguage_Fast_SaveLast_NoFinePOS.py	Slovak	Slovak	RANDOM_BY_TYPE	5	0.0113540509384	1.62414295449	2755577	5.48718151434
yWithMorphologySequentialStreamDropoutDev_BaselineLanguage_Fast_SaveLast_NoFinePOS.py	Slovak	Slovak	RANDOM_BY_TYPE	6	0.0103610155925	1.62414295449	2755577	5.48718151434
yWithMorphologySequentialStreamDropoutDev_BaselineLanguage_Fast_SaveLast_NoFinePOS.py	Slovak	Slovak	RANDOM_BY_TYPE	7	0.0057069519203	1.62414295449	2755577	5.48718151434
yWithMorphologySequentialStreamDropoutDev_BaselineLanguage_Fast_SaveLast_NoFinePOS.py	Slovak	Slovak	RANDOM_BY_TYPE	8	0.00504843339528	1.62414295449	2755577	5.48718151434
yWithMorphologySequentialStreamDropoutDev_BaselineLanguage_Fast_SaveLast_NoFinePOS.py	Slovak	Slovak	RANDOM_BY_TYPE	9	0.0034295784284	1.62414295449	2755577	5.48718151434
yWithMorphologySequentialStreamDropoutDev_BaselineLanguage_Fast_SaveLast_NoFinePOS.py	Slovak	Slovak	RANDOM_BY_TYPE	10	0.00121390448041	1.62414295449	2755577	5.48718151434
yWithMorphologySequentialStreamDropoutDev_BaselineLanguage_Fast_SaveLast_NoFinePOS.py	Slovak	Slovak	RANDOM_BY_TYPE	11	0.00220529596283	1.62414295449	2755577	5.48718151434
yWithMorphologySequentialStreamDropoutDev_BaselineLanguage_Fast_SaveLast_NoFinePOS.py	Slovak	Slovak	RANDOM_BY_TYPE	12	0.00107336485223	1.62414295449	2755577	5.48718151434
yWithMorphologySequentialStreamDropoutDev_BaselineLanguage_Fast_SaveLast_NoFinePOS.py	Slovak	Slovak	RANDOM_BY_TYPE	13	0.00101449293633	1.62414295449	2755577	5.48718151434
yWithMorphologySequentialStreamDropoutDev_BaselineLanguage_Fast_SaveLast_NoFinePOS.py	Slovak	Slovak	RANDOM_BY_TYPE	14	0.000529908848135	1.62414295449	2755577	5.48718151434
yWithMorphologySequentialStreamDropoutDev_BaselineLanguage_Fast_SaveLast_NoFinePOS.py	Slovak	Slovak	RANDOM_BY_TYPE	15	0.000331117641436	1.62414295449	2755577	5.48718151434
yWithMorphologySequentialStreamDropoutDev_BaselineLanguage_Fast_SaveLast_NoFinePOS.py	Slovak	Slovak	RANDOM_BY_TYPE	16	0.000224188051812	1.62414295449	2755577	5.48718151434
yWithMorphologySequentialStreamDropoutDev_BaselineLanguage_Fast_SaveLast_NoFinePOS.py	Slovak	Slovak	RANDOM_BY_TYPE	17	0.000370829848394	1.62414295449	2755577	5.48718151434
yWithMorphologySequentialStreamDropoutDev_BaselineLanguage_Fast_SaveLast_NoFinePOS.py	Slovak	Slovak	RANDOM_BY_TYPE	18	0.000369238118603	1.62414295449	2755577	5.48718151434
yWithMorphologySequentialStreamDropoutDev_BaselineLanguage_Fast_SaveLast_NoFinePOS.py	Slovak	Slovak	RANDOM_BY_TYPE	19	0	1.62414295449	2755577	5.48718151434
yWithMorphologySequentialStreamDropoutDev_BaselineLanguage_Fast_SaveLast_NoFinePOS.py	Slovak	Slovak	RANDOM_BY_TYPE	1	1.37900821011	1.66260620168	378667	5.50038280352
yWithMorphologySequentialStreamDropoutDev_BaselineLanguage_Fast_SaveLast_NoFinePOS.py	Slovak	Slovak	RANDOM_BY_TYPE	2	0.170863591563	1.66260620168	378667	5.50038280352
yWithMorphologySequentialStreamDropoutDev_BaselineLanguage_Fast_SaveLast_NoFinePOS.py	Slovak	Slovak	RANDOM_BY_TYPE	3	0.048414673544	1.66260620168	378667	5.50038280352
yWithMorphologySequentialStreamDropoutDev_BaselineLanguage_Fast_SaveLast_NoFinePOS.py	Slovak	Slovak	RANDOM_BY_TYPE	4	0.0229422051204	1.66260620168	378667	5.50038280352
yWithMorphologySequentialStreamDropoutDev_BaselineLanguage_Fast_SaveLast_NoFinePOS.py	Slovak	Slovak	RANDOM_BY_TYPE	5	0.0140292207264	1.66260620168	378667	5.50038280352
yWithMorphologySequentialStreamDropoutDev_BaselineLanguage_Fast_SaveLast_NoFinePOS.py	Slovak	Slovak	RANDOM_BY_TYPE	6	0.0096484418193	1.66260620168	378667	5.50038280352
yWithMorphologySequentialStreamDropoutDev_BaselineLanguage_Fast_SaveLast_NoFinePOS.py	Slovak	Slovak	RANDOM_BY_TYPE	7	0.00290503869318	1.66260620168	378667	5.50038280352
yWithMorphologySequentialStreamDropoutDev_BaselineLanguage_Fast_SaveLast_NoFinePOS.py	Slovak	Slovak	RANDOM_BY_TYPE	8	0.0033932676054	1.66260620168	378667	5.50038280352
yWithMorphologySequentialStreamDropoutDev_BaselineLanguage_Fast_SaveLast_NoFinePOS.py	Slovak	Slovak	RANDOM_BY_TYPE	9	0.00274177197724	1.66260620168	378667	5.50038280352
yWithMorphologySequentialStreamDropoutDev_BaselineLanguage_Fast_SaveLast_NoFinePOS.py	Slovak	Slovak	RANDOM_BY_TYPE	10	0.00213170018915	1.66260620168	378667	5.50038280352
yWithMorphologySequentialStreamDropoutDev_BaselineLanguage_Fast_SaveLast_NoFinePOS.py	Slovak	Slovak	RANDOM_BY_TYPE	11	0.00295183017646	1.66260620168	378667	5.50038280352
yWithMorphologySequentialStreamDropoutDev_BaselineLanguage_Fast_SaveLast_NoFinePOS.py	Slovak	Slovak	RANDOM_BY_TYPE	12	0.00156550893228	1.66260620168	378667	5.50038280352
yWithMorphologySequentialStreamDropoutDev_BaselineLanguage_Fast_SaveLast_NoFinePOS.py	Slovak	Slovak	RANDOM_BY_TYPE	13	0.000921250614401	1.66260620168	378667	5.50038280352
yWithMorphologySequentialStreamDropoutDev_BaselineLanguage_Fast_SaveLast_NoFinePOS.py	Slovak	Slovak	RANDOM_BY_TYPE	14	0.000922023188578	1.66260620168	378667	5.50038280352
yWithMorphologySequentialStreamDropoutDev_BaselineLanguage_Fast_SaveLast_NoFinePOS.py	Slovak	Slovak	RANDOM_BY_TYPE	15	0	1.66260620168	378667	5.50038280352
yWithMorphologySequentialStreamDropoutDev_BaselineLanguage_Fast_SaveLast_NoFinePOS.py	Slovak	Slovak	RANDOM_BY_TYPE	16	0.000115089628795	1.66260620168	378667	5.50038280352
yWithMorphologySequentialStreamDropoutDev_BaselineLanguage_Fast_SaveLast_NoFinePOS.py	Slovak	Slovak	RANDOM_BY_TYPE	17	0.00023241949408	1.66260620168	378667	5.50038280352
yWithMorphologySequentialStreamDropoutDev_BaselineLanguage_Fast_SaveLast_NoFinePOS.py	Slovak	Slovak	RANDOM_BY_TYPE	18	0	1.66260620168	378667	5.50038280352
yWithMorphologySequentialStreamDropoutDev_BaselineLanguage_Fast_SaveLast_NoFinePOS.py	Slovak	Slovak	RANDOM_BY_TYPE	19	0.000194735110623	1.66260620168	378667	5.50038280352
yWithMorphologySequentialStreamDropoutDev_BaselineLanguage_Fast_SaveLast_NoFinePOS.py	Slovak	Slovak	RANDOM_BY_TYPE	1	1.37346412613	1.64723795734	3443262	5.47731430722
yWithMorphologySequentialStreamDropoutDev_BaselineLanguage_Fast_SaveLast_NoFinePOS.py	Slovak	Slovak	RANDOM_BY_TYPE	2	0.201225827818	1.64723795734	3443262	5.47731430722
yWithMorphologySequentialStreamDropoutDev_BaselineLanguage_Fast_SaveLast_NoFinePOS.py	Slovak	Slovak	RANDOM_BY_TYPE	3	0.0346306400756	1.64723795734	3443262	5.47731430722
yWithMorphologySequentialStreamDropoutDev_BaselineLanguage_Fast_SaveLast_NoFinePOS.py	Slovak	Slovak	RANDOM_BY_TYPE	4	0.0154097708529	1.64723795734	3443262	5.47731430722
yWithMorphologySequentialStreamDropoutDev_BaselineLanguage_Fast_SaveLast_NoFinePOS.py	Slovak	Slovak	RANDOM_BY_TYPE	5	0.0100746027819	1.64723795734	3443262	5.47731430722
yWithMorphologySequentialStreamDropoutDev_BaselineLanguage_Fast_SaveLast_NoFinePOS.py	Slovak	Slovak	RANDOM_BY_TYPE	6	0.00481638320505	1.64723795734	3443262	5.47731430722
yWithMorphologySequentialStreamDropoutDev_BaselineLanguage_Fast_SaveLast_NoFinePOS.py	Slovak	Slovak	RANDOM_BY_TYPE	7	0.00318467155711	1.64723795734	3443262	5.47731430722
yWithMorphologySequentialStreamDropoutDev_BaselineLanguage_Fast_SaveLast_NoFinePOS.py	Slovak	Slovak	RANDOM_BY_TYPE	8	0.000769364466406	1.64723795734	3443262	5.47731430722
yWithMorphologySequentialStreamDropoutDev_BaselineLanguage_Fast_SaveLast_NoFinePOS.py	Slovak	Slovak	RANDOM_BY_TYPE	9	0.00163454458322	1.64723795734	3443262	5.47731430722
yWithMorphologySequentialStreamDropoutDev_BaselineLanguage_Fast_SaveLast_NoFinePOS.py	Slovak	Slovak	RANDOM_BY_TYPE	10	0.000608573017055	1.64723795734	3443262	5.47731430722
yWithMorphologySequentialStreamDropoutDev_BaselineLanguage_Fast_SaveLast_NoFinePOS.py	Slovak	Slovak	RANDOM_BY_TYPE	11	0.00080964508122	1.64723795734	3443262	5.47731430722
yWithMorphologySequentialStreamDropoutDev_BaselineLanguage_Fast_SaveLast_NoFinePOS.py	Slovak	Slovak	RANDOM_BY_TYPE	12	0.000399335034906	1.64723795734	3443262	5.47731430722
yWithMorphologySequentialStreamDropoutDev_BaselineLanguage_Fast_SaveLast_NoFinePOS.py	Slovak	Slovak	RANDOM_BY_TYPE	13	0.000654235604691	1.64723795734	3443262	5.47731430722
yWithMorphologySequentialStreamDropoutDev_BaselineLanguage_Fast_SaveLast_NoFinePOS.py	Slovak	Slovak	RANDOM_BY_TYPE	14	0	1.64723795734	3443262	5.47731430722
yWithMorphologySequentialStreamDropoutDev_BaselineLanguage_Fast_SaveLast_NoFinePOS.py	Slovak	Slovak	RANDOM_BY_TYPE	15	0.000305246122896	1.64723795734	3443262	5.47731430722
yWithMorphologySequentialStreamDropoutDev_BaselineLanguage_Fast_SaveLast_NoFinePOS.py	Slovak	Slovak	RANDOM_BY_TYPE	16	0	1.64723795734	3443262	5.47731430722
yWithMorphologySequentialStreamDropoutDev_BaselineLanguage_Fast_SaveLast_NoFinePOS.py	Slovak	Slovak	RANDOM_BY_TYPE	17	0	1.64723795734	3443262	5.47731430722
yWithMorphologySequentialStreamDropoutDev_BaselineLanguage_Fast_SaveLast_NoFinePOS.py	Slovak	Slovak	RANDOM_BY_TYPE	18	0	1.64723795734	3443262	5.47731430722
yWithMorphologySequentialStreamDropoutDev_BaselineLanguage_Fast_SaveLast_NoFinePOS.py	Slovak	Slovak	RANDOM_BY_TYPE	19	0	1.64723795734	3443262	5.47731430722
yWithMorphologySequentialStreamDropoutDev_BaselineLanguage_Fast_SaveLast_NoFinePOS.py	Slovak	Slovak	RANDOM_BY_TYPE	1	1.24457350161	1.55276966258	369067258	5.45521998418
yWithMorphologySequentialStreamDropoutDev_BaselineLanguage_Fast_SaveLast_NoFinePOS.py	Slovak	Slovak	RANDOM_BY_TYPE	2	0.201831257302	1.55276966258	369067258	5.45521998418
yWithMorphologySequentialStreamDropoutDev_BaselineLanguage_Fast_SaveLast_NoFinePOS.py	Slovak	Slovak	RANDOM_BY_TYPE	3	0.0547429840042	1.55276966258	369067258	5.45521998418
yWithMorphologySequentialStreamDropoutDev_BaselineLanguage_Fast_SaveLast_NoFinePOS.py	Slovak	Slovak	RANDOM_BY_TYPE	4	0.0122325490191	1.55276966258	369067258	5.45521998418
yWithMorphologySequentialStreamDropoutDev_BaselineLanguage_Fast_SaveLast_NoFinePOS.py	Slovak	Slovak	RANDOM_BY_TYPE	5	0.00953145394587	1.55276966258	369067258	5.45521998418
yWithMorphologySequentialStreamDropoutDev_BaselineLanguage_Fast_SaveLast_NoFinePOS.py	Slovak	Slovak	RANDOM_BY_TYPE	6	0.00734324520581	1.55276966258	369067258	5.45521998418
yWithMorphologySequentialStreamDropoutDev_BaselineLanguage_Fast_SaveLast_NoFinePOS.py	Slovak	Slovak	RANDOM_BY_TYPE	7	0.00360904695237	1.55276966258	369067258	5.45521998418
yWithMorphologySequentialStreamDropoutDev_BaselineLanguage_Fast_SaveLast_NoFinePOS.py	Slovak	Slovak	RANDOM_BY_TYPE	8	0.00437496475977	1.55276966258	369067258	5.45521998418
yWithMorphologySequentialStreamDropoutDev_BaselineLanguage_Fast_SaveLast_NoFinePOS.py	Slovak	Slovak	RANDOM_BY_TYPE	9	0.00344043390392	1.55276966258	369067258	5.45521998418
yWithMorphologySequentialStreamDropoutDev_BaselineLanguage_Fast_SaveLast_NoFinePOS.py	Slovak	Slovak	RANDOM_BY_TYPE	10	0.00372595558428	1.55276966258	369067258	5.45521998418
yWithMorphologySequentialStreamDropoutDev_BaselineLanguage_Fast_SaveLast_NoFinePOS.py	Slovak	Slovak	RANDOM_BY_TYPE	11	0.00233589149501	1.55276966258	369067258	5.45521998418
yWithMorphologySequentialStreamDropoutDev_BaselineLanguage_Fast_SaveLast_NoFinePOS.py	Slovak	Slovak	RANDOM_BY_TYPE	12	0.00185495721151	1.55276966258	369067258	5.45521998418
yWithMorphologySequentialStreamDropoutDev_BaselineLanguage_Fast_SaveLast_NoFinePOS.py	Slovak	Slovak	RANDOM_BY_TYPE	13	0.0015976075032	1.55276966258	369067258	5.45521998418
yWithMorphologySequentialStreamDropoutDev_BaselineLanguage_Fast_SaveLast_NoFinePOS.py	Slovak	Slovak	RANDOM_BY_TYPE	14	0.0006729819595	1.55276966258	369067258	5.45521998418
yWithMorphologySequentialStreamDropoutDev_BaselineLanguage_Fast_SaveLast_NoFinePOS.py	Slovak	Slovak	RANDOM_BY_TYPE	15	0	1.55276966258	369067258	5.45521998418
yWithMorphologySequentialStreamDropoutDev_BaselineLanguage_Fast_SaveLast_NoFinePOS.py	Slovak	Slovak	RANDOM_BY_TYPE	16	0.000266119756111	1.55276966258	369067258	5.45521998418
yWithMorphologySequentialStreamDropoutDev_BaselineLanguage_Fast_SaveLast_NoFinePOS.py	Slovak	Slovak	RANDOM_BY_TYPE	17	0.000423899456246	1.55276966258	369067258	5.45521998418
yWithMorphologySequentialStreamDropoutDev_BaselineLanguage_Fast_SaveLast_NoFinePOS.py	Slovak	Slovak	RANDOM_BY_TYPE	18	2.89708375933e-05	1.55276966258	369067258	5.45521998418
yWithMorphologySequentialStreamDropoutDev_BaselineLanguage_Fast_SaveLast_NoFinePOS.py	Slovak	Slovak	RANDOM_BY_TYPE	19	0.000295668595458	1.55276966258	369067258	5.45521998418
yWithMorphologySequentialStreamDropoutDev_BaselineLanguage_Fast_SaveLast_NoFinePOS.py	Slovak	Slovak	RANDOM_BY_TYPE	1	1.37495170705	1.64017209435	941020223	5.47708452752
yWithMorphologySequentialStreamDropoutDev_BaselineLanguage_Fast_SaveLast_NoFinePOS.py	Slovak	Slovak	RANDOM_BY_TYPE	2	0.180269828357	1.64017209435	941020223	5.47708452752
yWithMorphologySequentialStreamDropoutDev_BaselineLanguage_Fast_SaveLast_NoFinePOS.py	Slovak	Slovak	RANDOM_BY_TYPE	3	0.0446135162491	1.64017209435	941020223	5.47708452752
yWithMorphologySequentialStreamDropoutDev_BaselineLanguage_Fast_SaveLast_NoFinePOS.py	Slovak	Slovak	RANDOM_BY_TYPE	4	0.0174956539314	1.64017209435	941020223	5.47708452752
yWithMorphologySequentialStreamDropoutDev_BaselineLanguage_Fast_SaveLast_NoFinePOS.py	Slovak	Slovak	RANDOM_BY_TYPE	5	0.00847913467721	1.64017209435	941020223	5.47708452752
yWithMorphologySequentialStreamDropoutDev_BaselineLanguage_Fast_SaveLast_NoFinePOS.py	Slovak	Slovak	RANDOM_BY_TYPE	6	0.00483629450406	1.64017209435	941020223	5.47708452752
yWithMorphologySequentialStreamDropoutDev_BaselineLanguage_Fast_SaveLast_NoFinePOS.py	Slovak	Slovak	RANDOM_BY_TYPE	7	0.00186124035757	1.64017209435	941020223	5.47708452752
yWithMorphologySequentialStreamDropoutDev_BaselineLanguage_Fast_SaveLast_NoFinePOS.py	Slovak	Slovak	RANDOM_BY_TYPE	8	0.00301656171884	1.64017209435	941020223	5.47708452752
yWithMorphologySequentialStreamDropoutDev_BaselineLanguage_Fast_SaveLast_NoFinePOS.py	Slovak	Slovak	RANDOM_BY_TYPE	9	0.00172737987891	1.64017209435	941020223	5.47708452752
yWithMorphologySequentialStreamDropoutDev_BaselineLanguage_Fast_SaveLast_NoFinePOS.py	Slovak	Slovak	RANDOM_BY_TYPE	10	0.0015769722527	1.64017209435	941020223	5.47708452752
yWithMorphologySequentialStreamDropoutDev_BaselineLanguage_Fast_SaveLast_NoFinePOS.py	Slovak	Slovak	RANDOM_BY_TYPE	11	0.000228363642954	1.64017209435	941020223	5.47708452752
yWithMorphologySequentialStreamDropoutDev_BaselineLanguage_Fast_SaveLast_NoFinePOS.py	Slovak	Slovak	RANDOM_BY_TYPE	12	0	1.64017209435	941020223	5.47708452752
yWithMorphologySequentialStreamDropoutDev_BaselineLanguage_Fast_SaveLast_NoFinePOS.py	Slovak	Slovak	RANDOM_BY_TYPE	13	0.000564226059065	1.64017209435	941020223	5.47708452752
yWithMorphologySequentialStreamDropoutDev_BaselineLanguage_Fast_SaveLast_NoFinePOS.py	Slovak	Slovak	RANDOM_BY_TYPE	14	0.000282166796188	1.64017209435	941020223	5.47708452752
yWithMorphologySequentialStreamDropoutDev_BaselineLanguage_Fast_SaveLast_NoFinePOS.py	Slovak	Slovak	RANDOM_BY_TYPE	15	0.000433184635149	1.64017209435	941020223	5.47708452752
yWithMorphologySequentialStreamDropoutDev_BaselineLanguage_Fast_SaveLast_NoFinePOS.py	Slovak	Slovak	RANDOM_BY_TYPE	16	0.000146979542628	1.64017209435	941020223	5.47708452752
yWithMorphologySequentialStreamDropoutDev_BaselineLanguage_Fast_SaveLast_NoFinePOS.py	Slovak	Slovak	RANDOM_BY_TYPE	17	0	1.64017209435	941020223	5.47708452752
yWithMorphologySequentialStreamDropoutDev_BaselineLanguage_Fast_SaveLast_NoFinePOS.py	Slovak	Slovak	RANDOM_BY_TYPE	18	0	1.64017209435	941020223	5.47708452752
yWithMorphologySequentialStreamDropoutDev_BaselineLanguage_Fast_SaveLast_NoFinePOS.py	Slovak	Slovak	RANDOM_BY_TYPE	19	3.89446134439e-05	1.64017209435	941020223	5.47708452752
yWithMorphologySequentialStreamDropoutDev_BaselineLanguage_Fast_SaveLast_NoFinePOS.py	Slovak	Slovak	RANDOM_BY_TYPE	1	1.23516595147	1.53971837302	6204427	5.47129115528
yWithMorphologySequentialStreamDropoutDev_BaselineLanguage_Fast_SaveLast_NoFinePOS.py	Slovak	Slovak	RANDOM_BY_TYPE	2	0.192094634861	1.53971837302	6204427	5.47129115528
yWithMorphologySequentialStreamDropoutDev_BaselineLanguage_Fast_SaveLast_NoFinePOS.py	Slovak	Slovak	RANDOM_BY_TYPE	3	0.0469549942507	1.53971837302	6204427	5.47129115528
yWithMorphologySequentialStreamDropoutDev_BaselineLanguage_Fast_SaveLast_NoFinePOS.py	Slovak	Slovak	RANDOM_BY_TYPE	4	0.0200702488831	1.53971837302	6204427	5.47129115528
yWithMorphologySequentialStreamDropoutDev_BaselineLanguage_Fast_SaveLast_NoFinePOS.py	Slovak	Slovak	RANDOM_BY_TYPE	5	0.014463739934	1.53971837302	6204427	5.47129115528
yWithMorphologySequentialStreamDropoutDev_BaselineLanguage_Fast_SaveLast_NoFinePOS.py	Slovak	Slovak	RANDOM_BY_TYPE	6	0.00791755616665	1.53971837302	6204427	5.47129115528
yWithMorphologySequentialStreamDropoutDev_BaselineLanguage_Fast_SaveLast_NoFinePOS.py	Slovak	Slovak	RANDOM_BY_TYPE	7	0.004802489444	1.53971837302	6204427	5.47129115528
yWithMorphologySequentialStreamDropoutDev_BaselineLanguage_Fast_SaveLast_NoFinePOS.py	Slovak	Slovak	RANDOM_BY_TYPE	8	0.00293694212012	1.53971837302	6204427	5.47129115528
yWithMorphologySequentialStreamDropoutDev_BaselineLanguage_Fast_SaveLast_NoFinePOS.py	Slovak	Slovak	RANDOM_BY_TYPE	9	0.00457200946873	1.53971837302	6204427	5.47129115528
yWithMorphologySequentialStreamDropoutDev_BaselineLanguage_Fast_SaveLast_NoFinePOS.py	Slovak	Slovak	RANDOM_BY_TYPE	10	0.0021771949448	1.53971837302	6204427	5.47129115528
yWithMorphologySequentialStreamDropoutDev_BaselineLanguage_Fast_SaveLast_NoFinePOS.py	Slovak	Slovak	RANDOM_BY_TYPE	11	0.00280363743436	1.53971837302	6204427	5.47129115528
yWithMorphologySequentialStreamDropoutDev_BaselineLanguage_Fast_SaveLast_NoFinePOS.py	Slovak	Slovak	RANDOM_BY_TYPE	12	0.00188627075659	1.53971837302	6204427	5.47129115528
yWithMorphologySequentialStreamDropoutDev_BaselineLanguage_Fast_SaveLast_NoFinePOS.py	Slovak	Slovak	RANDOM_BY_TYPE	13	0.00152718069619	1.53971837302	6204427	5.47129115528
yWithMorphologySequentialStreamDropoutDev_BaselineLanguage_Fast_SaveLast_NoFinePOS.py	Slovak	Slovak	RANDOM_BY_TYPE	14	0.000983701952516	1.53971837302	6204427	5.47129115528
yWithMorphologySequentialStreamDropoutDev_BaselineLanguage_Fast_SaveLast_NoFinePOS.py	Slovak	Slovak	RANDOM_BY_TYPE	15	0.000835696189371	1.53971837302	6204427	5.47129115528
yWithMorphologySequentialStreamDropoutDev_BaselineLanguage_Fast_SaveLast_NoFinePOS.py	Slovak	Slovak	RANDOM_BY_TYPE	16	7.45168287457e-05	1.53971837302	6204427	5.47129115528
yWithMorphologySequentialStreamDropoutDev_BaselineLanguage_Fast_SaveLast_NoFinePOS.py	Slovak	Slovak	RANDOM_BY_TYPE	17	0.00024201600519	1.53971837302	6204427	5.47129115528
yWithMorphologySequentialStreamDropoutDev_BaselineLanguage_Fast_SaveLast_NoFinePOS.py	Slovak	Slovak	RANDOM_BY_TYPE	18	0	1.53971837302	6204427	5.47129115528
yWithMorphologySequentialStreamDropoutDev_BaselineLanguage_Fast_SaveLast_NoFinePOS.py	Slovak	Slovak	RANDOM_BY_TYPE	19	0.000636492240919	1.53971837302	6204427	5.47129115528
yWithMorphologySequentialStreamDropoutDev_BaselineLanguage_Fast_SaveLast_NoFinePOS.py	Slovak	Slovak	RANDOM_BY_TYPE	1	1.33112429634	1.60847719063	636618335	5.46751105671
yWithMorphologySequentialStreamDropoutDev_BaselineLanguage_Fast_SaveLast_NoFinePOS.py	Slovak	Slovak	RANDOM_BY_TYPE	2	0.14389353517	1.60847719063	636618335	5.46751105671
yWithMorphologySequentialStreamDropoutDev_BaselineLanguage_Fast_SaveLast_NoFinePOS.py	Slovak	Slovak	RANDOM_BY_TYPE	3	0.0557708866384	1.60847719063	636618335	5.46751105671
yWithMorphologySequentialStreamDropoutDev_BaselineLanguage_Fast_SaveLast_NoFinePOS.py	Slovak	Slovak	RANDOM_BY_TYPE	4	0.0218552944595	1.60847719063	636618335	5.46751105671
yWithMorphologySequentialStreamDropoutDev_BaselineLanguage_Fast_SaveLast_NoFinePOS.py	Slovak	Slovak	RANDOM_BY_TYPE	5	0.0185823256022	1.60847719063	636618335	5.46751105671
yWithMorphologySequentialStreamDropoutDev_BaselineLanguage_Fast_SaveLast_NoFinePOS.py	Slovak	Slovak	RANDOM_BY_TYPE	6	0.00950193821567	1.60847719063	636618335	5.46751105671
yWithMorphologySequentialStreamDropoutDev_BaselineLanguage_Fast_SaveLast_NoFinePOS.py	Slovak	Slovak	RANDOM_BY_TYPE	7	0.00590150715554	1.60847719063	636618335	5.46751105671
yWithMorphologySequentialStreamDropoutDev_BaselineLanguage_Fast_SaveLast_NoFinePOS.py	Slovak	Slovak	RANDOM_BY_TYPE	8	0.00577882834493	1.60847719063	636618335	5.46751105671
yWithMorphologySequentialStreamDropoutDev_BaselineLanguage_Fast_SaveLast_NoFinePOS.py	Slovak	Slovak	RANDOM_BY_TYPE	9	0.00389730109744	1.60847719063	636618335	5.46751105671
yWithMorphologySequentialStreamDropoutDev_BaselineLanguage_Fast_SaveLast_NoFinePOS.py	Slovak	Slovak	RANDOM_BY_TYPE	10	0.00401297762786	1.60847719063	636618335	5.46751105671
yWithMorphologySequentialStreamDropoutDev_BaselineLanguage_Fast_SaveLast_NoFinePOS.py	Slovak	Slovak	RANDOM_BY_TYPE	11	0.00217464231465	1.60847719063	636618335	5.46751105671
yWithMorphologySequentialStreamDropoutDev_BaselineLanguage_Fast_SaveLast_NoFinePOS.py	Slovak	Slovak	RANDOM_BY_TYPE	12	0.00149189654278	1.60847719063	636618335	5.46751105671
yWithMorphologySequentialStreamDropoutDev_BaselineLanguage_Fast_SaveLast_NoFinePOS.py	Slovak	Slovak	RANDOM_BY_TYPE	13	0.000967981145807	1.60847719063	636618335	5.46751105671
yWithMorphologySequentialStreamDropoutDev_BaselineLanguage_Fast_SaveLast_NoFinePOS.py	Slovak	Slovak	RANDOM_BY_TYPE	14	0.00152199615354	1.60847719063	636618335	5.46751105671
yWithMorphologySequentialStreamDropoutDev_BaselineLanguage_Fast_SaveLast_NoFinePOS.py	Slovak	Slovak	RANDOM_BY_TYPE	15	0.000940265802488	1.60847719063	636618335	5.46751105671
yWithMorphologySequentialStreamDropoutDev_BaselineLanguage_Fast_SaveLast_NoFinePOS.py	Slovak	Slovak	RANDOM_BY_TYPE	16	0.000300635948573	1.60847719063	636618335	5.46751105671
yWithMorphologySequentialStreamDropoutDev_BaselineLanguage_Fast_SaveLast_NoFinePOS.py	Slovak	Slovak	RANDOM_BY_TYPE	17	0.000655291994957	1.60847719063	636618335	5.46751105671
yWithMorphologySequentialStreamDropoutDev_BaselineLanguage_Fast_SaveLast_NoFinePOS.py	Slovak	Slovak	RANDOM_BY_TYPE	18	0.00010590883967	1.60847719063	636618335	5.46751105671
yWithMorphologySequentialStreamDropoutDev_BaselineLanguage_Fast_SaveLast_NoFinePOS.py	Slovak	Slovak	RANDOM_BY_TYPE	19	0	1.60847719063	636618335	5.46751105671
yWithMorphologySequentialStreamDropoutDev_BaselineLanguage_Fast_SaveLast_NoFinePOS.py	Slovak	Slovak	RANDOM_BY_TYPE	1	1.36702224273	1.65058996481	7555699	5.47033160023
yWithMorphologySequentialStreamDropoutDev_BaselineLanguage_Fast_SaveLast_NoFinePOS.py	Slovak	Slovak	RANDOM_BY_TYPE	2	0.163156223991	1.65058996481	7555699	5.47033160023
yWithMorphologySequentialStreamDropoutDev_BaselineLanguage_Fast_SaveLast_NoFinePOS.py	Slovak	Slovak	RANDOM_BY_TYPE	3	0.0620718523248	1.65058996481	7555699	5.47033160023
yWithMorphologySequentialStreamDropoutDev_BaselineLanguage_Fast_SaveLast_NoFinePOS.py	Slovak	Slovak	RANDOM_BY_TYPE	4	0.0188693762642	1.65058996481	7555699	5.47033160023
yWithMorphologySequentialStreamDropoutDev_BaselineLanguage_Fast_SaveLast_NoFinePOS.py	Slovak	Slovak	RANDOM_BY_TYPE	5	0.0159286042191	1.65058996481	7555699	5.47033160023
yWithMorphologySequentialStreamDropoutDev_BaselineLanguage_Fast_SaveLast_NoFinePOS.py	Slovak	Slovak	RANDOM_BY_TYPE	6	0.00600875685476	1.65058996481	7555699	5.47033160023
yWithMorphologySequentialStreamDropoutDev_BaselineLanguage_Fast_SaveLast_NoFinePOS.py	Slovak	Slovak	RANDOM_BY_TYPE	7	0.00476418015075	1.65058996481	7555699	5.47033160023
yWithMorphologySequentialStreamDropoutDev_BaselineLanguage_Fast_SaveLast_NoFinePOS.py	Slovak	Slovak	RANDOM_BY_TYPE	8	0.002398270736	1.65058996481	7555699	5.47033160023
yWithMorphologySequentialStreamDropoutDev_BaselineLanguage_Fast_SaveLast_NoFinePOS.py	Slovak	Slovak	RANDOM_BY_TYPE	9	0.00118749521367	1.65058996481	7555699	5.47033160023
yWithMorphologySequentialStreamDropoutDev_BaselineLanguage_Fast_SaveLast_NoFinePOS.py	Slovak	Slovak	RANDOM_BY_TYPE	10	0.00265841083984	1.65058996481	7555699	5.47033160023
yWithMorphologySequentialStreamDropoutDev_BaselineLanguage_Fast_SaveLast_NoFinePOS.py	Slovak	Slovak	RANDOM_BY_TYPE	11	0.00166885632358	1.65058996481	7555699	5.47033160023
yWithMorphologySequentialStreamDropoutDev_BaselineLanguage_Fast_SaveLast_NoFinePOS.py	Slovak	Slovak	RANDOM_BY_TYPE	12	0.00155290573427	1.65058996481	7555699	5.47033160023
yWithMorphologySequentialStreamDropoutDev_BaselineLanguage_Fast_SaveLast_NoFinePOS.py	Slovak	Slovak	RANDOM_BY_TYPE	13	0.000628820878186	1.65058996481	7555699	5.47033160023
yWithMorphologySequentialStreamDropoutDev_BaselineLanguage_Fast_SaveLast_NoFinePOS.py	Slovak	Slovak	RANDOM_BY_TYPE	14	0.00038207185595	1.65058996481	7555699	5.47033160023
yWithMorphologySequentialStreamDropoutDev_BaselineLanguage_Fast_SaveLast_NoFinePOS.py	Slovak	Slovak	RANDOM_BY_TYPE	15	0.000802555108724	1.65058996481	7555699	5.47033160023
yWithMorphologySequentialStreamDropoutDev_BaselineLanguage_Fast_SaveLast_NoFinePOS.py	Slovak	Slovak	RANDOM_BY_TYPE	16	0.000139813431322	1.65058996481	7555699	5.47033160023
yWithMorphologySequentialStreamDropoutDev_BaselineLanguage_Fast_SaveLast_NoFinePOS.py	Slovak	Slovak	RANDOM_BY_TYPE	17	0.000812374034973	1.65058996481	7555699	5.47033160023
yWithMorphologySequentialStreamDropoutDev_BaselineLanguage_Fast_SaveLast_NoFinePOS.py	Slovak	Slovak	RANDOM_BY_TYPE	18	0.000107129959211	1.65058996481	7555699	5.47033160023
yWithMorphologySequentialStreamDropoutDev_BaselineLanguage_Fast_SaveLast_NoFinePOS.py	Slovak	Slovak	RANDOM_BY_TYPE	19	0.000430024160098	1.65058996481	7555699	5.47033160023
yWithMorphologySequentialStreamDropoutDev_BaselineLanguage_Fast_SaveLast_NoFinePOS.py	Slovak	Slovak	RANDOM_BY_TYPE	1	1.30110774738	1.59644072574	7530686	5.50665269792
yWithMorphologySequentialStreamDropoutDev_BaselineLanguage_Fast_SaveLast_NoFinePOS.py	Slovak	Slovak	RANDOM_BY_TYPE	2	0.191411103737	1.59644072574	7530686	5.50665269792
yWithMorphologySequentialStreamDropoutDev_BaselineLanguage_Fast_SaveLast_NoFinePOS.py	Slovak	Slovak	RANDOM_BY_TYPE	3	0.0460184438996	1.59644072574	7530686	5.50665269792
yWithMorphologySequentialStreamDropoutDev_BaselineLanguage_Fast_SaveLast_NoFinePOS.py	Slovak	Slovak	RANDOM_BY_TYPE	4	0.0194547494389	1.59644072574	7530686	5.50665269792
yWithMorphologySequentialStreamDropoutDev_BaselineLanguage_Fast_SaveLast_NoFinePOS.py	Slovak	Slovak	RANDOM_BY_TYPE	5	0.010998679473	1.59644072574	7530686	5.50665269792
yWithMorphologySequentialStreamDropoutDev_BaselineLanguage_Fast_SaveLast_NoFinePOS.py	Slovak	Slovak	RANDOM_BY_TYPE	6	0.00816874185654	1.59644072574	7530686	5.50665269792
yWithMorphologySequentialStreamDropoutDev_BaselineLanguage_Fast_SaveLast_NoFinePOS.py	Slovak	Slovak	RANDOM_BY_TYPE	7	0.00321211116771	1.59644072574	7530686	5.50665269792
yWithMorphologySequentialStreamDropoutDev_BaselineLanguage_Fast_SaveLast_NoFinePOS.py	Slovak	Slovak	RANDOM_BY_TYPE	8	0.00363164915614	1.59644072574	7530686	5.50665269792
yWithMorphologySequentialStreamDropoutDev_BaselineLanguage_Fast_SaveLast_NoFinePOS.py	Slovak	Slovak	RANDOM_BY_TYPE	9	0.00164160908085	1.59644072574	7530686	5.50665269792
yWithMorphologySequentialStreamDropoutDev_BaselineLanguage_Fast_SaveLast_NoFinePOS.py	Slovak	Slovak	RANDOM_BY_TYPE	10	0.00247070805667	1.59644072574	7530686	5.50665269792
yWithMorphologySequentialStreamDropoutDev_BaselineLanguage_Fast_SaveLast_NoFinePOS.py	Slovak	Slovak	RANDOM_BY_TYPE	11	0.00287960951459	1.59644072574	7530686	5.50665269792
yWithMorphologySequentialStreamDropoutDev_BaselineLanguage_Fast_SaveLast_NoFinePOS.py	Slovak	Slovak	RANDOM_BY_TYPE	12	0.000733203185748	1.59644072574	7530686	5.50665269792
yWithMorphologySequentialStreamDropoutDev_BaselineLanguage_Fast_SaveLast_NoFinePOS.py	Slovak	Slovak	RANDOM_BY_TYPE	13	0.00135434351555	1.59644072574	7530686	5.50665269792
yWithMorphologySequentialStreamDropoutDev_BaselineLanguage_Fast_SaveLast_NoFinePOS.py	Slovak	Slovak	RANDOM_BY_TYPE	14	0.00110697656462	1.59644072574	7530686	5.50665269792
yWithMorphologySequentialStreamDropoutDev_BaselineLanguage_Fast_SaveLast_NoFinePOS.py	Slovak	Slovak	RANDOM_BY_TYPE	15	0.00142788862529	1.59644072574	7530686	5.50665269792
yWithMorphologySequentialStreamDropoutDev_BaselineLanguage_Fast_SaveLast_NoFinePOS.py	Slovak	Slovak	RANDOM_BY_TYPE	16	0.000522039973573	1.59644072574	7530686	5.50665269792
yWithMorphologySequentialStreamDropoutDev_BaselineLanguage_Fast_SaveLast_NoFinePOS.py	Slovak	Slovak	RANDOM_BY_TYPE	17	0.000203717653066	1.59644072574	7530686	5.50665269792
yWithMorphologySequentialStreamDropoutDev_BaselineLanguage_Fast_SaveLast_NoFinePOS.py	Slovak	Slovak	RANDOM_BY_TYPE	18	0	1.59644072574	7530686	5.50665269792
yWithMorphologySequentialStreamDropoutDev_BaselineLanguage_Fast_SaveLast_NoFinePOS.py	Slovak	Slovak	RANDOM_BY_TYPE	19	0.000420800708745	1.59644072574	7530686	5.50665269792
yWithMorphologySequentialStreamDropoutDev_BaselineLanguage_Fast_SaveLast_NoFinePOS.py	Slovak	Slovak	RANDOM_BY_TYPE	1	1.28144132156	1.55793414491	5540707	5.51526681271
yWithMorphologySequentialStreamDropoutDev_BaselineLanguage_Fast_SaveLast_NoFinePOS.py	Slovak	Slovak	RANDOM_BY_TYPE	2	0.167648034165	1.55793414491	5540707	5.51526681271
yWithMorphologySequentialStreamDropoutDev_BaselineLanguage_Fast_SaveLast_NoFinePOS.py	Slovak	Slovak	RANDOM_BY_TYPE	3	0.04435085097	1.55793414491	5540707	5.51526681271
yWithMorphologySequentialStreamDropoutDev_BaselineLanguage_Fast_SaveLast_NoFinePOS.py	Slovak	Slovak	RANDOM_BY_TYPE	4	0.0186444802235	1.55793414491	5540707	5.51526681271
yWithMorphologySequentialStreamDropoutDev_BaselineLanguage_Fast_SaveLast_NoFinePOS.py	Slovak	Slovak	RANDOM_BY_TYPE	5	0.014662706607	1.55793414491	5540707	5.51526681271
yWithMorphologySequentialStreamDropoutDev_BaselineLanguage_Fast_SaveLast_NoFinePOS.py	Slovak	Slovak	RANDOM_BY_TYPE	6	0.00763849154727	1.55793414491	5540707	5.51526681271
yWithMorphologySequentialStreamDropoutDev_BaselineLanguage_Fast_SaveLast_NoFinePOS.py	Slovak	Slovak	RANDOM_BY_TYPE	7	0.00590352465029	1.55793414491	5540707	5.51526681271
yWithMorphologySequentialStreamDropoutDev_BaselineLanguage_Fast_SaveLast_NoFinePOS.py	Slovak	Slovak	RANDOM_BY_TYPE	8	0.00640540020923	1.55793414491	5540707	5.51526681271
yWithMorphologySequentialStreamDropoutDev_BaselineLanguage_Fast_SaveLast_NoFinePOS.py	Slovak	Slovak	RANDOM_BY_TYPE	9	0.00174514414513	1.55793414491	5540707	5.51526681271
yWithMorphologySequentialStreamDropoutDev_BaselineLanguage_Fast_SaveLast_NoFinePOS.py	Slovak	Slovak	RANDOM_BY_TYPE	10	0.00296453372256	1.55793414491	5540707	5.51526681271
yWithMorphologySequentialStreamDropoutDev_BaselineLanguage_Fast_SaveLast_NoFinePOS.py	Slovak	Slovak	RANDOM_BY_TYPE	11	0.00159180327638	1.55793414491	5540707	5.51526681271
yWithMorphologySequentialStreamDropoutDev_BaselineLanguage_Fast_SaveLast_NoFinePOS.py	Slovak	Slovak	RANDOM_BY_TYPE	12	0.00216609651912	1.55793414491	5540707	5.51526681271
yWithMorphologySequentialStreamDropoutDev_BaselineLanguage_Fast_SaveLast_NoFinePOS.py	Slovak	Slovak	RANDOM_BY_TYPE	13	0.000925515939111	1.55793414491	5540707	5.51526681271
yWithMorphologySequentialStreamDropoutDev_BaselineLanguage_Fast_SaveLast_NoFinePOS.py	Slovak	Slovak	RANDOM_BY_TYPE	14	6.35715380111e-05	1.55793414491	5540707	5.51526681271
yWithMorphologySequentialStreamDropoutDev_BaselineLanguage_Fast_SaveLast_NoFinePOS.py	Slovak	Slovak	RANDOM_BY_TYPE	15	0.000365514665434	1.55793414491	5540707	5.51526681271
yWithMorphologySequentialStreamDropoutDev_BaselineLanguage_Fast_SaveLast_NoFinePOS.py	Slovak	Slovak	RANDOM_BY_TYPE	16	0.000709409991356	1.55793414491	5540707	5.51526681271
yWithMorphologySequentialStreamDropoutDev_BaselineLanguage_Fast_SaveLast_NoFinePOS.py	Slovak	Slovak	RANDOM_BY_TYPE	17	0.000550734016993	1.55793414491	5540707	5.51526681271
yWithMorphologySequentialStreamDropoutDev_BaselineLanguage_Fast_SaveLast_NoFinePOS.py	Slovak	Slovak	RANDOM_BY_TYPE	18	0	1.55793414491	5540707	5.51526681271
yWithMorphologySequentialStreamDropoutDev_BaselineLanguage_Fast_SaveLast_NoFinePOS.py	Slovak	Slovak	RANDOM_BY_TYPE	19	0.000452091105997	1.55793414491	5540707	5.51526681271
yWithMorphologySequentialStreamDropoutDev_BaselineLanguage_Fast_SaveLast_NoFinePOS.py	Slovak	Slovak	RANDOM_BY_TYPE	1	1.32800018228	1.62511662118	1321457	5.47550732571
yWithMorphologySequentialStreamDropoutDev_BaselineLanguage_Fast_SaveLast_NoFinePOS.py	Slovak	Slovak	RANDOM_BY_TYPE	2	0.128569038559	1.62511662118	1321457	5.47550732571
yWithMorphologySequentialStreamDropoutDev_BaselineLanguage_Fast_SaveLast_NoFinePOS.py	Slovak	Slovak	RANDOM_BY_TYPE	3	0.0558329047814	1.62511662118	1321457	5.47550732571
yWithMorphologySequentialStreamDropoutDev_BaselineLanguage_Fast_SaveLast_NoFinePOS.py	Slovak	Slovak	RANDOM_BY_TYPE	4	0.0421211573359	1.62511662118	1321457	5.47550732571
yWithMorphologySequentialStreamDropoutDev_BaselineLanguage_Fast_SaveLast_NoFinePOS.py	Slovak	Slovak	RANDOM_BY_TYPE	5	0.0208794106768	1.62511662118	1321457	5.47550732571
yWithMorphologySequentialStreamDropoutDev_BaselineLanguage_Fast_SaveLast_NoFinePOS.py	Slovak	Slovak	RANDOM_BY_TYPE	6	0.0137267051086	1.62511662118	1321457	5.47550732571
yWithMorphologySequentialStreamDropoutDev_BaselineLanguage_Fast_SaveLast_NoFinePOS.py	Slovak	Slovak	RANDOM_BY_TYPE	7	0.00766482900267	1.62511662118	1321457	5.47550732571
yWithMorphologySequentialStreamDropoutDev_BaselineLanguage_Fast_SaveLast_NoFinePOS.py	Slovak	Slovak	RANDOM_BY_TYPE	8	0.00741447459345	1.62511662118	1321457	5.47550732571
yWithMorphologySequentialStreamDropoutDev_BaselineLanguage_Fast_SaveLast_NoFinePOS.py	Slovak	Slovak	RANDOM_BY_TYPE	9	0.00538720835562	1.62511662118	1321457	5.47550732571
yWithMorphologySequentialStreamDropoutDev_BaselineLanguage_Fast_SaveLast_NoFinePOS.py	Slovak	Slovak	RANDOM_BY_TYPE	10	0.00475628567885	1.62511662118	1321457	5.47550732571
yWithMorphologySequentialStreamDropoutDev_BaselineLanguage_Fast_SaveLast_NoFinePOS.py	Slovak	Slovak	RANDOM_BY_TYPE	11	0.00402623039402	1.62511662118	1321457	5.47550732571
yWithMorphologySequentialStreamDropoutDev_BaselineLanguage_Fast_SaveLast_NoFinePOS.py	Slovak	Slovak	RANDOM_BY_TYPE	12	0.00192984265007	1.62511662118	1321457	5.47550732571
yWithMorphologySequentialStreamDropoutDev_BaselineLanguage_Fast_SaveLast_NoFinePOS.py	Slovak	Slovak	RANDOM_BY_TYPE	13	0.000519756503301	1.62511662118	1321457	5.47550732571
yWithMorphologySequentialStreamDropoutDev_BaselineLanguage_Fast_SaveLast_NoFinePOS.py	Slovak	Slovak	RANDOM_BY_TYPE	14	0.00152466909526	1.62511662118	1321457	5.47550732571
yWithMorphologySequentialStreamDropoutDev_BaselineLanguage_Fast_SaveLast_NoFinePOS.py	Slovak	Slovak	RANDOM_BY_TYPE	15	0.00157039818698	1.62511662118	1321457	5.47550732571
yWithMorphologySequentialStreamDropoutDev_BaselineLanguage_Fast_SaveLast_NoFinePOS.py	Slovak	Slovak	RANDOM_BY_TYPE	16	0	1.62511662118	1321457	5.47550732571
yWithMorphologySequentialStreamDropoutDev_BaselineLanguage_Fast_SaveLast_NoFinePOS.py	Slovak	Slovak	RANDOM_BY_TYPE	17	0.000476400656243	1.62511662118	1321457	5.47550732571
yWithMorphologySequentialStreamDropoutDev_BaselineLanguage_Fast_SaveLast_NoFinePOS.py	Slovak	Slovak	RANDOM_BY_TYPE	18	0.000335944882811	1.62511662118	1321457	5.47550732571
yWithMorphologySequentialStreamDropoutDev_BaselineLanguage_Fast_SaveLast_NoFinePOS.py	Slovak	Slovak	RANDOM_BY_TYPE	19	0.000617728984519	1.62511662118	1321457	5.47550732571
yWithMorphologySequentialStreamDropoutDev_BaselineLanguage_Fast_SaveLast_NoFinePOS.py	Slovak	Slovak	RANDOM_BY_TYPE	1	1.36966318113	1.60842374008	689359	5.47017857294
yWithMorphologySequentialStreamDropoutDev_BaselineLanguage_Fast_SaveLast_NoFinePOS.py	Slovak	Slovak	RANDOM_BY_TYPE	2	0.156279860172	1.60842374008	689359	5.47017857294
yWithMorphologySequentialStreamDropoutDev_BaselineLanguage_Fast_SaveLast_NoFinePOS.py	Slovak	Slovak	RANDOM_BY_TYPE	3	0.0346297006084	1.60842374008	689359	5.47017857294
yWithMorphologySequentialStreamDropoutDev_BaselineLanguage_Fast_SaveLast_NoFinePOS.py	Slovak	Slovak	RANDOM_BY_TYPE	4	0.0138480934786	1.60842374008	689359	5.47017857294
yWithMorphologySequentialStreamDropoutDev_BaselineLanguage_Fast_SaveLast_NoFinePOS.py	Slovak	Slovak	RANDOM_BY_TYPE	5	0.00881688023267	1.60842374008	689359	5.47017857294
yWithMorphologySequentialStreamDropoutDev_BaselineLanguage_Fast_SaveLast_NoFinePOS.py	Slovak	Slovak	RANDOM_BY_TYPE	6	0.00770122633405	1.60842374008	689359	5.47017857294
yWithMorphologySequentialStreamDropoutDev_BaselineLanguage_Fast_SaveLast_NoFinePOS.py	Slovak	Slovak	RANDOM_BY_TYPE	7	0.00743299175615	1.60842374008	689359	5.47017857294
yWithMorphologySequentialStreamDropoutDev_BaselineLanguage_Fast_SaveLast_NoFinePOS.py	Slovak	Slovak	RANDOM_BY_TYPE	8	0.00210701468056	1.60842374008	689359	5.47017857294
yWithMorphologySequentialStreamDropoutDev_BaselineLanguage_Fast_SaveLast_NoFinePOS.py	Slovak	Slovak	RANDOM_BY_TYPE	9	0.00287906833707	1.60842374008	689359	5.47017857294
yWithMorphologySequentialStreamDropoutDev_BaselineLanguage_Fast_SaveLast_NoFinePOS.py	Slovak	Slovak	RANDOM_BY_TYPE	10	0.00109008995637	1.60842374008	689359	5.47017857294
yWithMorphologySequentialStreamDropoutDev_BaselineLanguage_Fast_SaveLast_NoFinePOS.py	Slovak	Slovak	RANDOM_BY_TYPE	11	0.00192371406784	1.60842374008	689359	5.47017857294
yWithMorphologySequentialStreamDropoutDev_BaselineLanguage_Fast_SaveLast_NoFinePOS.py	Slovak	Slovak	RANDOM_BY_TYPE	12	0.000916053130202	1.60842374008	689359	5.47017857294
yWithMorphologySequentialStreamDropoutDev_BaselineLanguage_Fast_SaveLast_NoFinePOS.py	Slovak	Slovak	RANDOM_BY_TYPE	13	0.000548244298321	1.60842374008	689359	5.47017857294
yWithMorphologySequentialStreamDropoutDev_BaselineLanguage_Fast_SaveLast_NoFinePOS.py	Slovak	Slovak	RANDOM_BY_TYPE	14	0.00067831163537	1.60842374008	689359	5.47017857294
yWithMorphologySequentialStreamDropoutDev_BaselineLanguage_Fast_SaveLast_NoFinePOS.py	Slovak	Slovak	RANDOM_BY_TYPE	15	0	1.60842374008	689359	5.47017857294
yWithMorphologySequentialStreamDropoutDev_BaselineLanguage_Fast_SaveLast_NoFinePOS.py	Slovak	Slovak	RANDOM_BY_TYPE	16	0.000363545997502	1.60842374008	689359	5.47017857294
yWithMorphologySequentialStreamDropoutDev_BaselineLanguage_Fast_SaveLast_NoFinePOS.py	Slovak	Slovak	RANDOM_BY_TYPE	17	3.7117200355e-05	1.60842374008	689359	5.47017857294
yWithMorphologySequentialStreamDropoutDev_BaselineLanguage_Fast_SaveLast_NoFinePOS.py	Slovak	Slovak	RANDOM_BY_TYPE	18	0	1.60842374008	689359	5.47017857294
yWithMorphologySequentialStreamDropoutDev_BaselineLanguage_Fast_SaveLast_NoFinePOS.py	Slovak	Slovak	RANDOM_BY_TYPE	19	0.000269827532442	1.60842374008	689359	5.47017857294
yWithMorphologySequentialStreamDropoutDev_BaselineLanguage_Fast_SaveLast_NoFinePOS.py	Slovak	Slovak	RANDOM_BY_TYPE	1	1.28700858791	1.62458458261	4768073	5.45437032066
yWithMorphologySequentialStreamDropoutDev_BaselineLanguage_Fast_SaveLast_NoFinePOS.py	Slovak	Slovak	RANDOM_BY_TYPE	2	0.153420096473	1.62458458261	4768073	5.45437032066
yWithMorphologySequentialStreamDropoutDev_BaselineLanguage_Fast_SaveLast_NoFinePOS.py	Slovak	Slovak	RANDOM_BY_TYPE	3	0.0723779705698	1.62458458261	4768073	5.45437032066
yWithMorphologySequentialStreamDropoutDev_BaselineLanguage_Fast_SaveLast_NoFinePOS.py	Slovak	Slovak	RANDOM_BY_TYPE	4	0.0431361927562	1.62458458261	4768073	5.45437032066
yWithMorphologySequentialStreamDropoutDev_BaselineLanguage_Fast_SaveLast_NoFinePOS.py	Slovak	Slovak	RANDOM_BY_TYPE	5	0.0253670680196	1.62458458261	4768073	5.45437032066
yWithMorphologySequentialStreamDropoutDev_BaselineLanguage_Fast_SaveLast_NoFinePOS.py	Slovak	Slovak	RANDOM_BY_TYPE	6	0.0183821059661	1.62458458261	4768073	5.45437032066
yWithMorphologySequentialStreamDropoutDev_BaselineLanguage_Fast_SaveLast_NoFinePOS.py	Slovak	Slovak	RANDOM_BY_TYPE	7	0.00927979778754	1.62458458261	4768073	5.45437032066
yWithMorphologySequentialStreamDropoutDev_BaselineLanguage_Fast_SaveLast_NoFinePOS.py	Slovak	Slovak	RANDOM_BY_TYPE	8	0.00616138181458	1.62458458261	4768073	5.45437032066
yWithMorphologySequentialStreamDropoutDev_BaselineLanguage_Fast_SaveLast_NoFinePOS.py	Slovak	Slovak	RANDOM_BY_TYPE	9	0.00128124772686	1.62458458261	4768073	5.45437032066
yWithMorphologySequentialStreamDropoutDev_BaselineLanguage_Fast_SaveLast_NoFinePOS.py	Slovak	Slovak	RANDOM_BY_TYPE	10	0.00169982326357	1.62458458261	4768073	5.45437032066
yWithMorphologySequentialStreamDropoutDev_BaselineLanguage_Fast_SaveLast_NoFinePOS.py	Slovak	Slovak	RANDOM_BY_TYPE	11	0.00125953391807	1.62458458261	4768073	5.45437032066
yWithMorphologySequentialStreamDropoutDev_BaselineLanguage_Fast_SaveLast_NoFinePOS.py	Slovak	Slovak	RANDOM_BY_TYPE	12	0.00114866740083	1.62458458261	4768073	5.45437032066
yWithMorphologySequentialStreamDropoutDev_BaselineLanguage_Fast_SaveLast_NoFinePOS.py	Slovak	Slovak	RANDOM_BY_TYPE	13	0.000717183784263	1.62458458261	4768073	5.45437032066
yWithMorphologySequentialStreamDropoutDev_BaselineLanguage_Fast_SaveLast_NoFinePOS.py	Slovak	Slovak	RANDOM_BY_TYPE	14	0.000888824911967	1.62458458261	4768073	5.45437032066
yWithMorphologySequentialStreamDropoutDev_BaselineLanguage_Fast_SaveLast_NoFinePOS.py	Slovak	Slovak	RANDOM_BY_TYPE	15	0.000989387786552	1.62458458261	4768073	5.45437032066
yWithMorphologySequentialStreamDropoutDev_BaselineLanguage_Fast_SaveLast_NoFinePOS.py	Slovak	Slovak	RANDOM_BY_TYPE	16	0.000435161019025	1.62458458261	4768073	5.45437032066
yWithMorphologySequentialStreamDropoutDev_BaselineLanguage_Fast_SaveLast_NoFinePOS.py	Slovak	Slovak	RANDOM_BY_TYPE	17	0.000398328002185	1.62458458261	4768073	5.45437032066
yWithMorphologySequentialStreamDropoutDev_BaselineLanguage_Fast_SaveLast_NoFinePOS.py	Slovak	Slovak	RANDOM_BY_TYPE	18	0.00087516205768	1.62458458261	4768073	5.45437032066
yWithMorphologySequentialStreamDropoutDev_BaselineLanguage_Fast_SaveLast_NoFinePOS.py	Slovak	Slovak	RANDOM_BY_TYPE	19	0	1.62458458261	4768073	5.45437032066
yWithMorphologySequentialStreamDropoutDev_BaselineLanguage_Fast_SaveLast_NoFinePOS.py	Slovak	Slovak	RANDOM_BY_TYPE	1	1.24865056864	1.57361364271	1360625	5.48904251481
yWithMorphologySequentialStreamDropoutDev_BaselineLanguage_Fast_SaveLast_NoFinePOS.py	Slovak	Slovak	RANDOM_BY_TYPE	2	0.146057429379	1.57361364271	1360625	5.48904251481
yWithMorphologySequentialStreamDropoutDev_BaselineLanguage_Fast_SaveLast_NoFinePOS.py	Slovak	Slovak	RANDOM_BY_TYPE	3	0.0501617386325	1.57361364271	1360625	5.48904251481
yWithMorphologySequentialStreamDropoutDev_BaselineLanguage_Fast_SaveLast_NoFinePOS.py	Slovak	Slovak	RANDOM_BY_TYPE	4	0.0380635219486	1.57361364271	1360625	5.48904251481
yWithMorphologySequentialStreamDropoutDev_BaselineLanguage_Fast_SaveLast_NoFinePOS.py	Slovak	Slovak	RANDOM_BY_TYPE	5	0.0247493386473	1.57361364271	1360625	5.48904251481
yWithMorphologySequentialStreamDropoutDev_BaselineLanguage_Fast_SaveLast_NoFinePOS.py	Slovak	Slovak	RANDOM_BY_TYPE	6	0.0143020853808	1.57361364271	1360625	5.48904251481
yWithMorphologySequentialStreamDropoutDev_BaselineLanguage_Fast_SaveLast_NoFinePOS.py	Slovak	Slovak	RANDOM_BY_TYPE	7	0.0118059685173	1.57361364271	1360625	5.48904251481
yWithMorphologySequentialStreamDropoutDev_BaselineLanguage_Fast_SaveLast_NoFinePOS.py	Slovak	Slovak	RANDOM_BY_TYPE	8	0.00823716098723	1.57361364271	1360625	5.48904251481
yWithMorphologySequentialStreamDropoutDev_BaselineLanguage_Fast_SaveLast_NoFinePOS.py	Slovak	Slovak	RANDOM_BY_TYPE	9	0.00935502893304	1.57361364271	1360625	5.48904251481
yWithMorphologySequentialStreamDropoutDev_BaselineLanguage_Fast_SaveLast_NoFinePOS.py	Slovak	Slovak	RANDOM_BY_TYPE	10	0.00682511550106	1.57361364271	1360625	5.48904251481
yWithMorphologySequentialStreamDropoutDev_BaselineLanguage_Fast_SaveLast_NoFinePOS.py	Slovak	Slovak	RANDOM_BY_TYPE	11	0.00406616793512	1.57361364271	1360625	5.48904251481
yWithMorphologySequentialStreamDropoutDev_BaselineLanguage_Fast_SaveLast_NoFinePOS.py	Slovak	Slovak	RANDOM_BY_TYPE	12	0.00303038981271	1.57361364271	1360625	5.48904251481
yWithMorphologySequentialStreamDropoutDev_BaselineLanguage_Fast_SaveLast_NoFinePOS.py	Slovak	Slovak	RANDOM_BY_TYPE	13	0.00113462879233	1.57361364271	1360625	5.48904251481
yWithMorphologySequentialStreamDropoutDev_BaselineLanguage_Fast_SaveLast_NoFinePOS.py	Slovak	Slovak	RANDOM_BY_TYPE	14	0.00179635523117	1.57361364271	1360625	5.48904251481
yWithMorphologySequentialStreamDropoutDev_BaselineLanguage_Fast_SaveLast_NoFinePOS.py	Slovak	Slovak	RANDOM_BY_TYPE	15	0.00174144326824	1.57361364271	1360625	5.48904251481
yWithMorphologySequentialStreamDropoutDev_BaselineLanguage_Fast_SaveLast_NoFinePOS.py	Slovak	Slovak	RANDOM_BY_TYPE	16	0.000354095456535	1.57361364271	1360625	5.48904251481
yWithMorphologySequentialStreamDropoutDev_BaselineLanguage_Fast_SaveLast_NoFinePOS.py	Slovak	Slovak	RANDOM_BY_TYPE	17	0.000875650897418	1.57361364271	1360625	5.48904251481
yWithMorphologySequentialStreamDropoutDev_BaselineLanguage_Fast_SaveLast_NoFinePOS.py	Slovak	Slovak	RANDOM_BY_TYPE	18	0.00195837361764	1.57361364271	1360625	5.48904251481
yWithMorphologySequentialStreamDropoutDev_BaselineLanguage_Fast_SaveLast_NoFinePOS.py	Slovak	Slovak	RANDOM_BY_TYPE	19	0.000448581127271	1.57361364271	1360625	5.48904251481
yWithMorphologySequentialStreamDropoutDev_BaselineLanguage_Fast_SaveLast_NoFinePOS.py	Slovak	Slovak	RANDOM_BY_TYPE	1	1.17754786713	1.49624451432	3413440	5.47035555003
yWithMorphologySequentialStreamDropoutDev_BaselineLanguage_Fast_SaveLast_NoFinePOS.py	Slovak	Slovak	RANDOM_BY_TYPE	2	0.190421560407	1.49624451432	3413440	5.47035555003
yWithMorphologySequentialStreamDropoutDev_BaselineLanguage_Fast_SaveLast_NoFinePOS.py	Slovak	Slovak	RANDOM_BY_TYPE	3	0.0532449314039	1.49624451432	3413440	5.47035555003
yWithMorphologySequentialStreamDropoutDev_BaselineLanguage_Fast_SaveLast_NoFinePOS.py	Slovak	Slovak	RANDOM_BY_TYPE	4	0.0267178943304	1.49624451432	3413440	5.47035555003
yWithMorphologySequentialStreamDropoutDev_BaselineLanguage_Fast_SaveLast_NoFinePOS.py	Slovak	Slovak	RANDOM_BY_TYPE	5	0.0144516594606	1.49624451432	3413440	5.47035555003
yWithMorphologySequentialStreamDropoutDev_BaselineLanguage_Fast_SaveLast_NoFinePOS.py	Slovak	Slovak	RANDOM_BY_TYPE	6	0.00746264972099	1.49624451432	3413440	5.47035555003
yWithMorphologySequentialStreamDropoutDev_BaselineLanguage_Fast_SaveLast_NoFinePOS.py	Slovak	Slovak	RANDOM_BY_TYPE	7	0.00660015238474	1.49624451432	3413440	5.47035555003
yWithMorphologySequentialStreamDropoutDev_BaselineLanguage_Fast_SaveLast_NoFinePOS.py	Slovak	Slovak	RANDOM_BY_TYPE	8	0.00417014413501	1.49624451432	3413440	5.47035555003
yWithMorphologySequentialStreamDropoutDev_BaselineLanguage_Fast_SaveLast_NoFinePOS.py	Slovak	Slovak	RANDOM_BY_TYPE	9	0.00433306759351	1.49624451432	3413440	5.47035555003
yWithMorphologySequentialStreamDropoutDev_BaselineLanguage_Fast_SaveLast_NoFinePOS.py	Slovak	Slovak	RANDOM_BY_TYPE	10	0.00377570141668	1.49624451432	3413440	5.47035555003
yWithMorphologySequentialStreamDropoutDev_BaselineLanguage_Fast_SaveLast_NoFinePOS.py	Slovak	Slovak	RANDOM_BY_TYPE	11	0.00205011894442	1.49624451432	3413440	5.47035555003
yWithMorphologySequentialStreamDropoutDev_BaselineLanguage_Fast_SaveLast_NoFinePOS.py	Slovak	Slovak	RANDOM_BY_TYPE	12	0.00157026705677	1.49624451432	3413440	5.47035555003
yWithMorphologySequentialStreamDropoutDev_BaselineLanguage_Fast_SaveLast_NoFinePOS.py	Slovak	Slovak	RANDOM_BY_TYPE	13	0.000284282516127	1.49624451432	3413440	5.47035555003
yWithMorphologySequentialStreamDropoutDev_BaselineLanguage_Fast_SaveLast_NoFinePOS.py	Slovak	Slovak	RANDOM_BY_TYPE	14	0.00100970668335	1.49624451432	3413440	5.47035555003
yWithMorphologySequentialStreamDropoutDev_BaselineLanguage_Fast_SaveLast_NoFinePOS.py	Slovak	Slovak	RANDOM_BY_TYPE	15	0.000673445610151	1.49624451432	3413440	5.47035555003
yWithMorphologySequentialStreamDropoutDev_BaselineLanguage_Fast_SaveLast_NoFinePOS.py	Slovak	Slovak	RANDOM_BY_TYPE	16	0.000391091630883	1.49624451432	3413440	5.47035555003
yWithMorphologySequentialStreamDropoutDev_BaselineLanguage_Fast_SaveLast_NoFinePOS.py	Slovak	Slovak	RANDOM_BY_TYPE	17	0.000331311479007	1.49624451432	3413440	5.47035555003
yWithMorphologySequentialStreamDropoutDev_BaselineLanguage_Fast_SaveLast_NoFinePOS.py	Slovak	Slovak	RANDOM_BY_TYPE	18	0.00106734694683	1.49624451432	3413440	5.47035555003
yWithMorphologySequentialStreamDropoutDev_BaselineLanguage_Fast_SaveLast_NoFinePOS.py	Slovak	Slovak	RANDOM_BY_TYPE	19	0.00014131546837	1.49624451432	3413440	5.47035555003
yWithMorphologySequentialStreamDropoutDev_BaselineLanguage_Fast_SaveLast_NoFinePOS.py	Slovak	Slovak	RANDOM_BY_TYPE	1	1.31508097277	1.55780381575	8103789	5.46780622336
yWithMorphologySequentialStreamDropoutDev_BaselineLanguage_Fast_SaveLast_NoFinePOS.py	Slovak	Slovak	RANDOM_BY_TYPE	2	0.168137517163	1.55780381575	8103789	5.46780622336
yWithMorphologySequentialStreamDropoutDev_BaselineLanguage_Fast_SaveLast_NoFinePOS.py	Slovak	Slovak	RANDOM_BY_TYPE	3	0.032028568485	1.55780381575	8103789	5.46780622336
yWithMorphologySequentialStreamDropoutDev_BaselineLanguage_Fast_SaveLast_NoFinePOS.py	Slovak	Slovak	RANDOM_BY_TYPE	4	0.0118530462866	1.55780381575	8103789	5.46780622336
yWithMorphologySequentialStreamDropoutDev_BaselineLanguage_Fast_SaveLast_NoFinePOS.py	Slovak	Slovak	RANDOM_BY_TYPE	5	0.00872268721665	1.55780381575	8103789	5.46780622336
yWithMorphologySequentialStreamDropoutDev_BaselineLanguage_Fast_SaveLast_NoFinePOS.py	Slovak	Slovak	RANDOM_BY_TYPE	6	0.00794125062554	1.55780381575	8103789	5.46780622336
yWithMorphologySequentialStreamDropoutDev_BaselineLanguage_Fast_SaveLast_NoFinePOS.py	Slovak	Slovak	RANDOM_BY_TYPE	7	0.0034332541162	1.55780381575	8103789	5.46780622336
yWithMorphologySequentialStreamDropoutDev_BaselineLanguage_Fast_SaveLast_NoFinePOS.py	Slovak	Slovak	RANDOM_BY_TYPE	8	0.00261407200604	1.55780381575	8103789	5.46780622336
yWithMorphologySequentialStreamDropoutDev_BaselineLanguage_Fast_SaveLast_NoFinePOS.py	Slovak	Slovak	RANDOM_BY_TYPE	9	0.000940234652937	1.55780381575	8103789	5.46780622336
yWithMorphologySequentialStreamDropoutDev_BaselineLanguage_Fast_SaveLast_NoFinePOS.py	Slovak	Slovak	RANDOM_BY_TYPE	10	0.00153848390057	1.55780381575	8103789	5.46780622336
yWithMorphologySequentialStreamDropoutDev_BaselineLanguage_Fast_SaveLast_NoFinePOS.py	Slovak	Slovak	RANDOM_BY_TYPE	11	0.00157654207863	1.55780381575	8103789	5.46780622336
yWithMorphologySequentialStreamDropoutDev_BaselineLanguage_Fast_SaveLast_NoFinePOS.py	Slovak	Slovak	RANDOM_BY_TYPE	12	0.00121977304759	1.55780381575	8103789	5.46780622336
yWithMorphologySequentialStreamDropoutDev_BaselineLanguage_Fast_SaveLast_NoFinePOS.py	Slovak	Slovak	RANDOM_BY_TYPE	13	0.000929810045517	1.55780381575	8103789	5.46780622336
yWithMorphologySequentialStreamDropoutDev_BaselineLanguage_Fast_SaveLast_NoFinePOS.py	Slovak	Slovak	RANDOM_BY_TYPE	14	0.00105227236062	1.55780381575	8103789	5.46780622336
yWithMorphologySequentialStreamDropoutDev_BaselineLanguage_Fast_SaveLast_NoFinePOS.py	Slovak	Slovak	RANDOM_BY_TYPE	15	4.46544934363e-07	1.55780381575	8103789	5.46780622336
yWithMorphologySequentialStreamDropoutDev_BaselineLanguage_Fast_SaveLast_NoFinePOS.py	Slovak	Slovak	RANDOM_BY_TYPE	16	0	1.55780381575	8103789	5.46780622336
yWithMorphologySequentialStreamDropoutDev_BaselineLanguage_Fast_SaveLast_NoFinePOS.py	Slovak	Slovak	RANDOM_BY_TYPE	17	0.00040056170666	1.55780381575	8103789	5.46780622336
yWithMorphologySequentialStreamDropoutDev_BaselineLanguage_Fast_SaveLast_NoFinePOS.py	Slovak	Slovak	RANDOM_BY_TYPE	18	0.000110736162695	1.55780381575	8103789	5.46780622336
yWithMorphologySequentialStreamDropoutDev_BaselineLanguage_Fast_SaveLast_NoFinePOS.py	Slovak	Slovak	RANDOM_BY_TYPE	19	0.000268419474772	1.55780381575	8103789	5.46780622336
yWithMorphologySequentialStreamDropoutDev_BaselineLanguage_Fast_SaveLast_NoFinePOS.py	Slovak	Slovak	RANDOM_BY_TYPE	1	1.26480578711	1.59801283662	5066071	5.53427590867
yWithMorphologySequentialStreamDropoutDev_BaselineLanguage_Fast_SaveLast_NoFinePOS.py	Slovak	Slovak	RANDOM_BY_TYPE	2	0.218374876821	1.59801283662	5066071	5.53427590867
yWithMorphologySequentialStreamDropoutDev_BaselineLanguage_Fast_SaveLast_NoFinePOS.py	Slovak	Slovak	RANDOM_BY_TYPE	3	0.05421254741	1.59801283662	5066071	5.53427590867
yWithMorphologySequentialStreamDropoutDev_BaselineLanguage_Fast_SaveLast_NoFinePOS.py	Slovak	Slovak	RANDOM_BY_TYPE	4	0.0194366211761	1.59801283662	5066071	5.53427590867
yWithMorphologySequentialStreamDropoutDev_BaselineLanguage_Fast_SaveLast_NoFinePOS.py	Slovak	Slovak	RANDOM_BY_TYPE	5	0.0161403983015	1.59801283662	5066071	5.53427590867
yWithMorphologySequentialStreamDropoutDev_BaselineLanguage_Fast_SaveLast_NoFinePOS.py	Slovak	Slovak	RANDOM_BY_TYPE	6	0.00740351227865	1.59801283662	5066071	5.53427590867
yWithMorphologySequentialStreamDropoutDev_BaselineLanguage_Fast_SaveLast_NoFinePOS.py	Slovak	Slovak	RANDOM_BY_TYPE	7	0.00637913836192	1.59801283662	5066071	5.53427590867
yWithMorphologySequentialStreamDropoutDev_BaselineLanguage_Fast_SaveLast_NoFinePOS.py	Slovak	Slovak	RANDOM_BY_TYPE	8	0.00233252105648	1.59801283662	5066071	5.53427590867
yWithMorphologySequentialStreamDropoutDev_BaselineLanguage_Fast_SaveLast_NoFinePOS.py	Slovak	Slovak	RANDOM_BY_TYPE	9	0.00331537339785	1.59801283662	5066071	5.53427590867
yWithMorphologySequentialStreamDropoutDev_BaselineLanguage_Fast_SaveLast_NoFinePOS.py	Slovak	Slovak	RANDOM_BY_TYPE	10	0.00254784573431	1.59801283662	5066071	5.53427590867
yWithMorphologySequentialStreamDropoutDev_BaselineLanguage_Fast_SaveLast_NoFinePOS.py	Slovak	Slovak	RANDOM_BY_TYPE	11	0.00106286504497	1.59801283662	5066071	5.53427590867
yWithMorphologySequentialStreamDropoutDev_BaselineLanguage_Fast_SaveLast_NoFinePOS.py	Slovak	Slovak	RANDOM_BY_TYPE	12	0.00101401854868	1.59801283662	5066071	5.53427590867
yWithMorphologySequentialStreamDropoutDev_BaselineLanguage_Fast_SaveLast_NoFinePOS.py	Slovak	Slovak	RANDOM_BY_TYPE	13	0.000670687099026	1.59801283662	5066071	5.53427590867
yWithMorphologySequentialStreamDropoutDev_BaselineLanguage_Fast_SaveLast_NoFinePOS.py	Slovak	Slovak	RANDOM_BY_TYPE	14	7.65131760927e-06	1.59801283662	5066071	5.53427590867
yWithMorphologySequentialStreamDropoutDev_BaselineLanguage_Fast_SaveLast_NoFinePOS.py	Slovak	Slovak	RANDOM_BY_TYPE	15	0.00030125208097	1.59801283662	5066071	5.53427590867
yWithMorphologySequentialStreamDropoutDev_BaselineLanguage_Fast_SaveLast_NoFinePOS.py	Slovak	Slovak	RANDOM_BY_TYPE	16	0.000321811560082	1.59801283662	5066071	5.53427590867
yWithMorphologySequentialStreamDropoutDev_BaselineLanguage_Fast_SaveLast_NoFinePOS.py	Slovak	Slovak	RANDOM_BY_TYPE	17	4.81596140016e-05	1.59801283662	5066071	5.53427590867
yWithMorphologySequentialStreamDropoutDev_BaselineLanguage_Fast_SaveLast_NoFinePOS.py	Slovak	Slovak	RANDOM_BY_TYPE	18	0	1.59801283662	5066071	5.53427590867
yWithMorphologySequentialStreamDropoutDev_BaselineLanguage_Fast_SaveLast_NoFinePOS.py	Slovak	Slovak	RANDOM_BY_TYPE	19	0	1.59801283662	5066071	5.53427590867
yWithMorphologySequentialStreamDropoutDev_BaselineLanguage_Fast_SaveLast_NoFinePOS.py	Slovak	Slovak	RANDOM_BY_TYPE	1	1.29354198865	1.59068973334	628568	5.50883161781
yWithMorphologySequentialStreamDropoutDev_BaselineLanguage_Fast_SaveLast_NoFinePOS.py	Slovak	Slovak	RANDOM_BY_TYPE	2	0.178208735749	1.59068973334	628568	5.50883161781
yWithMorphologySequentialStreamDropoutDev_BaselineLanguage_Fast_SaveLast_NoFinePOS.py	Slovak	Slovak	RANDOM_BY_TYPE	3	0.0476707885935	1.59068973334	628568	5.50883161781
yWithMorphologySequentialStreamDropoutDev_BaselineLanguage_Fast_SaveLast_NoFinePOS.py	Slovak	Slovak	RANDOM_BY_TYPE	4	0.0217767211264	1.59068973334	628568	5.50883161781
yWithMorphologySequentialStreamDropoutDev_BaselineLanguage_Fast_SaveLast_NoFinePOS.py	Slovak	Slovak	RANDOM_BY_TYPE	5	0.0165443275889	1.59068973334	628568	5.50883161781
yWithMorphologySequentialStreamDropoutDev_BaselineLanguage_Fast_SaveLast_NoFinePOS.py	Slovak	Slovak	RANDOM_BY_TYPE	6	0.0086100648119	1.59068973334	628568	5.50883161781
yWithMorphologySequentialStreamDropoutDev_BaselineLanguage_Fast_SaveLast_NoFinePOS.py	Slovak	Slovak	RANDOM_BY_TYPE	7	0.00740311394816	1.59068973334	628568	5.50883161781
yWithMorphologySequentialStreamDropoutDev_BaselineLanguage_Fast_SaveLast_NoFinePOS.py	Slovak	Slovak	RANDOM_BY_TYPE	8	0.00623158975823	1.59068973334	628568	5.50883161781
yWithMorphologySequentialStreamDropoutDev_BaselineLanguage_Fast_SaveLast_NoFinePOS.py	Slovak	Slovak	RANDOM_BY_TYPE	9	0.0020529323653	1.59068973334	628568	5.50883161781
yWithMorphologySequentialStreamDropoutDev_BaselineLanguage_Fast_SaveLast_NoFinePOS.py	Slovak	Slovak	RANDOM_BY_TYPE	10	0.0027188318233	1.59068973334	628568	5.50883161781
yWithMorphologySequentialStreamDropoutDev_BaselineLanguage_Fast_SaveLast_NoFinePOS.py	Slovak	Slovak	RANDOM_BY_TYPE	11	0.00391544564946	1.59068973334	628568	5.50883161781
yWithMorphologySequentialStreamDropoutDev_BaselineLanguage_Fast_SaveLast_NoFinePOS.py	Slovak	Slovak	RANDOM_BY_TYPE	12	0	1.59068973334	628568	5.50883161781
yWithMorphologySequentialStreamDropoutDev_BaselineLanguage_Fast_SaveLast_NoFinePOS.py	Slovak	Slovak	RANDOM_BY_TYPE	13	0.000732182925695	1.59068973334	628568	5.50883161781
yWithMorphologySequentialStreamDropoutDev_BaselineLanguage_Fast_SaveLast_NoFinePOS.py	Slovak	Slovak	RANDOM_BY_TYPE	14	0.0010306928664	1.59068973334	628568	5.50883161781
yWithMorphologySequentialStreamDropoutDev_BaselineLanguage_Fast_SaveLast_NoFinePOS.py	Slovak	Slovak	RANDOM_BY_TYPE	15	0.000855320406286	1.59068973334	628568	5.50883161781
yWithMorphologySequentialStreamDropoutDev_BaselineLanguage_Fast_SaveLast_NoFinePOS.py	Slovak	Slovak	RANDOM_BY_TYPE	16	0.000137405771099	1.59068973334	628568	5.50883161781
yWithMorphologySequentialStreamDropoutDev_BaselineLanguage_Fast_SaveLast_NoFinePOS.py	Slovak	Slovak	RANDOM_BY_TYPE	17	0	1.59068973334	628568	5.50883161781
yWithMorphologySequentialStreamDropoutDev_BaselineLanguage_Fast_SaveLast_NoFinePOS.py	Slovak	Slovak	RANDOM_BY_TYPE	18	1.66586817127e-05	1.59068973334	628568	5.50883161781
yWithMorphologySequentialStreamDropoutDev_BaselineLanguage_Fast_SaveLast_NoFinePOS.py	Slovak	Slovak	RANDOM_BY_TYPE	19	0	1.59068973334	628568	5.50883161781
yWithMorphologySequentialStreamDropoutDev_BaselineLanguage_Fast_SaveLast_NoFinePOS.py	Slovak	Slovak	RANDOM_BY_TYPE	1	1.26077117483	1.47110132583	4899921	5.45986239237
yWithMorphologySequentialStreamDropoutDev_BaselineLanguage_Fast_SaveLast_NoFinePOS.py	Slovak	Slovak	RANDOM_BY_TYPE	2	0.148488881163	1.47110132583	4899921	5.45986239237
yWithMorphologySequentialStreamDropoutDev_BaselineLanguage_Fast_SaveLast_NoFinePOS.py	Slovak	Slovak	RANDOM_BY_TYPE	3	0.0304885335981	1.47110132583	4899921	5.45986239237
yWithMorphologySequentialStreamDropoutDev_BaselineLanguage_Fast_SaveLast_NoFinePOS.py	Slovak	Slovak	RANDOM_BY_TYPE	4	0.0124026429572	1.47110132583	4899921	5.45986239237
yWithMorphologySequentialStreamDropoutDev_BaselineLanguage_Fast_SaveLast_NoFinePOS.py	Slovak	Slovak	RANDOM_BY_TYPE	5	0.00579165461129	1.47110132583	4899921	5.45986239237
yWithMorphologySequentialStreamDropoutDev_BaselineLanguage_Fast_SaveLast_NoFinePOS.py	Slovak	Slovak	RANDOM_BY_TYPE	6	0.00438739261399	1.47110132583	4899921	5.45986239237
yWithMorphologySequentialStreamDropoutDev_BaselineLanguage_Fast_SaveLast_NoFinePOS.py	Slovak	Slovak	RANDOM_BY_TYPE	7	0.00193729216922	1.47110132583	4899921	5.45986239237
yWithMorphologySequentialStreamDropoutDev_BaselineLanguage_Fast_SaveLast_NoFinePOS.py	Slovak	Slovak	RANDOM_BY_TYPE	8	0.00209041760392	1.47110132583	4899921	5.45986239237
yWithMorphologySequentialStreamDropoutDev_BaselineLanguage_Fast_SaveLast_NoFinePOS.py	Slovak	Slovak	RANDOM_BY_TYPE	9	0.0016658578017	1.47110132583	4899921	5.45986239237
yWithMorphologySequentialStreamDropoutDev_BaselineLanguage_Fast_SaveLast_NoFinePOS.py	Slovak	Slovak	RANDOM_BY_TYPE	10	0.00105295695671	1.47110132583	4899921	5.45986239237
yWithMorphologySequentialStreamDropoutDev_BaselineLanguage_Fast_SaveLast_NoFinePOS.py	Slovak	Slovak	RANDOM_BY_TYPE	11	0.000959282991004	1.47110132583	4899921	5.45986239237
yWithMorphologySequentialStreamDropoutDev_BaselineLanguage_Fast_SaveLast_NoFinePOS.py	Slovak	Slovak	RANDOM_BY_TYPE	12	0	1.47110132583	4899921	5.45986239237
yWithMorphologySequentialStreamDropoutDev_BaselineLanguage_Fast_SaveLast_NoFinePOS.py	Slovak	Slovak	RANDOM_BY_TYPE	13	0.000579404994233	1.47110132583	4899921	5.45986239237
yWithMorphologySequentialStreamDropoutDev_BaselineLanguage_Fast_SaveLast_NoFinePOS.py	Slovak	Slovak	RANDOM_BY_TYPE	14	0.000415827721766	1.47110132583	4899921	5.45986239237
yWithMorphologySequentialStreamDropoutDev_BaselineLanguage_Fast_SaveLast_NoFinePOS.py	Slovak	Slovak	RANDOM_BY_TYPE	15	0.000289643668149	1.47110132583	4899921	5.45986239237
yWithMorphologySequentialStreamDropoutDev_BaselineLanguage_Fast_SaveLast_NoFinePOS.py	Slovak	Slovak	RANDOM_BY_TYPE	16	0	1.47110132583	4899921	5.45986239237
yWithMorphologySequentialStreamDropoutDev_BaselineLanguage_Fast_SaveLast_NoFinePOS.py	Slovak	Slovak	RANDOM_BY_TYPE	17	0.000137217649042	1.47110132583	4899921	5.45986239237
yWithMorphologySequentialStreamDropoutDev_BaselineLanguage_Fast_SaveLast_NoFinePOS.py	Slovak	Slovak	RANDOM_BY_TYPE	18	0.000439901711189	1.47110132583	4899921	5.45986239237
yWithMorphologySequentialStreamDropoutDev_BaselineLanguage_Fast_SaveLast_NoFinePOS.py	Slovak	Slovak	RANDOM_BY_TYPE	19	0	1.47110132583	4899921	5.45986239237
yWithMorphologySequentialStreamDropoutDev_BaselineLanguage_Fast_SaveLast_NoFinePOS.py	Slovak	Slovak	RANDOM_BY_TYPE	1	1.35381398279	1.60224477387	9305271	5.48880159447
yWithMorphologySequentialStreamDropoutDev_BaselineLanguage_Fast_SaveLast_NoFinePOS.py	Slovak	Slovak	RANDOM_BY_TYPE	2	0.141843512756	1.60224477387	9305271	5.48880159447
yWithMorphologySequentialStreamDropoutDev_BaselineLanguage_Fast_SaveLast_NoFinePOS.py	Slovak	Slovak	RANDOM_BY_TYPE	3	0.0400795003119	1.60224477387	9305271	5.48880159447
yWithMorphologySequentialStreamDropoutDev_BaselineLanguage_Fast_SaveLast_NoFinePOS.py	Slovak	Slovak	RANDOM_BY_TYPE	4	0.0248930463236	1.60224477387	9305271	5.48880159447
yWithMorphologySequentialStreamDropoutDev_BaselineLanguage_Fast_SaveLast_NoFinePOS.py	Slovak	Slovak	RANDOM_BY_TYPE	5	0.0115052179523	1.60224477387	9305271	5.48880159447
yWithMorphologySequentialStreamDropoutDev_BaselineLanguage_Fast_SaveLast_NoFinePOS.py	Slovak	Slovak	RANDOM_BY_TYPE	6	0.00925762004232	1.60224477387	9305271	5.48880159447
yWithMorphologySequentialStreamDropoutDev_BaselineLanguage_Fast_SaveLast_NoFinePOS.py	Slovak	Slovak	RANDOM_BY_TYPE	7	0.00576080867689	1.60224477387	9305271	5.48880159447
yWithMorphologySequentialStreamDropoutDev_BaselineLanguage_Fast_SaveLast_NoFinePOS.py	Slovak	Slovak	RANDOM_BY_TYPE	8	0.00407055379593	1.60224477387	9305271	5.48880159447
yWithMorphologySequentialStreamDropoutDev_BaselineLanguage_Fast_SaveLast_NoFinePOS.py	Slovak	Slovak	RANDOM_BY_TYPE	9	0.00236034307578	1.60224477387	9305271	5.48880159447
yWithMorphologySequentialStreamDropoutDev_BaselineLanguage_Fast_SaveLast_NoFinePOS.py	Slovak	Slovak	RANDOM_BY_TYPE	10	0.00216804877536	1.60224477387	9305271	5.48880159447
yWithMorphologySequentialStreamDropoutDev_BaselineLanguage_Fast_SaveLast_NoFinePOS.py	Slovak	Slovak	RANDOM_BY_TYPE	11	0.0011483361868	1.60224477387	9305271	5.48880159447
yWithMorphologySequentialStreamDropoutDev_BaselineLanguage_Fast_SaveLast_NoFinePOS.py	Slovak	Slovak	RANDOM_BY_TYPE	12	0.00118680608599	1.60224477387	9305271	5.48880159447
yWithMorphologySequentialStreamDropoutDev_BaselineLanguage_Fast_SaveLast_NoFinePOS.py	Slovak	Slovak	RANDOM_BY_TYPE	13	0.000951204520383	1.60224477387	9305271	5.48880159447
yWithMorphologySequentialStreamDropoutDev_BaselineLanguage_Fast_SaveLast_NoFinePOS.py	Slovak	Slovak	RANDOM_BY_TYPE	14	0.000688782905879	1.60224477387	9305271	5.48880159447
yWithMorphologySequentialStreamDropoutDev_BaselineLanguage_Fast_SaveLast_NoFinePOS.py	Slovak	Slovak	RANDOM_BY_TYPE	15	0.000931198058063	1.60224477387	9305271	5.48880159447
yWithMorphologySequentialStreamDropoutDev_BaselineLanguage_Fast_SaveLast_NoFinePOS.py	Slovak	Slovak	RANDOM_BY_TYPE	16	0.000816257645006	1.60224477387	9305271	5.48880159447
yWithMorphologySequentialStreamDropoutDev_BaselineLanguage_Fast_SaveLast_NoFinePOS.py	Slovak	Slovak	RANDOM_BY_TYPE	17	0.000618397087267	1.60224477387	9305271	5.48880159447
yWithMorphologySequentialStreamDropoutDev_BaselineLanguage_Fast_SaveLast_NoFinePOS.py	Slovak	Slovak	RANDOM_BY_TYPE	18	0.000103999939684	1.60224477387	9305271	5.48880159447
yWithMorphologySequentialStreamDropoutDev_BaselineLanguage_Fast_SaveLast_NoFinePOS.py	Slovak	Slovak	RANDOM_BY_TYPE	19	4.71569495657e-05	1.60224477387	9305271	5.48880159447
yWithMorphologySequentialStreamDropoutDev_BaselineLanguage_Fast_SaveLast_NoFinePOS.py	Slovak	Slovak	RANDOM_BY_TYPE	1	1.24642099652	1.59296137099	711909007	5.48479223688
yWithMorphologySequentialStreamDropoutDev_BaselineLanguage_Fast_SaveLast_NoFinePOS.py	Slovak	Slovak	RANDOM_BY_TYPE	2	0.17909421043	1.59296137099	711909007	5.48479223688
yWithMorphologySequentialStreamDropoutDev_BaselineLanguage_Fast_SaveLast_NoFinePOS.py	Slovak	Slovak	RANDOM_BY_TYPE	3	0.060446663507	1.59296137099	711909007	5.48479223688
yWithMorphologySequentialStreamDropoutDev_BaselineLanguage_Fast_SaveLast_NoFinePOS.py	Slovak	Slovak	RANDOM_BY_TYPE	4	0.0338434762334	1.59296137099	711909007	5.48479223688
yWithMorphologySequentialStreamDropoutDev_BaselineLanguage_Fast_SaveLast_NoFinePOS.py	Slovak	Slovak	RANDOM_BY_TYPE	5	0.0200982344069	1.59296137099	711909007	5.48479223688
yWithMorphologySequentialStreamDropoutDev_BaselineLanguage_Fast_SaveLast_NoFinePOS.py	Slovak	Slovak	RANDOM_BY_TYPE	6	0.0172474692537	1.59296137099	711909007	5.48479223688
yWithMorphologySequentialStreamDropoutDev_BaselineLanguage_Fast_SaveLast_NoFinePOS.py	Slovak	Slovak	RANDOM_BY_TYPE	7	0.00818356095928	1.59296137099	711909007	5.48479223688
yWithMorphologySequentialStreamDropoutDev_BaselineLanguage_Fast_SaveLast_NoFinePOS.py	Slovak	Slovak	RANDOM_BY_TYPE	8	0.00690969898276	1.59296137099	711909007	5.48479223688
yWithMorphologySequentialStreamDropoutDev_BaselineLanguage_Fast_SaveLast_NoFinePOS.py	Slovak	Slovak	RANDOM_BY_TYPE	9	0.00669934802676	1.59296137099	711909007	5.48479223688
yWithMorphologySequentialStreamDropoutDev_BaselineLanguage_Fast_SaveLast_NoFinePOS.py	Slovak	Slovak	RANDOM_BY_TYPE	10	0.00447702881408	1.59296137099	711909007	5.48479223688
yWithMorphologySequentialStreamDropoutDev_BaselineLanguage_Fast_SaveLast_NoFinePOS.py	Slovak	Slovak	RANDOM_BY_TYPE	11	0.00320995952169	1.59296137099	711909007	5.48479223688
yWithMorphologySequentialStreamDropoutDev_BaselineLanguage_Fast_SaveLast_NoFinePOS.py	Slovak	Slovak	RANDOM_BY_TYPE	12	0.00151561457817	1.59296137099	711909007	5.48479223688
yWithMorphologySequentialStreamDropoutDev_BaselineLanguage_Fast_SaveLast_NoFinePOS.py	Slovak	Slovak	RANDOM_BY_TYPE	13	0.00205458435294	1.59296137099	711909007	5.48479223688
yWithMorphologySequentialStreamDropoutDev_BaselineLanguage_Fast_SaveLast_NoFinePOS.py	Slovak	Slovak	RANDOM_BY_TYPE	14	0.00107372325577	1.59296137099	711909007	5.48479223688
yWithMorphologySequentialStreamDropoutDev_BaselineLanguage_Fast_SaveLast_NoFinePOS.py	Slovak	Slovak	RANDOM_BY_TYPE	15	2.07286583236e-05	1.59296137099	711909007	5.48479223688
yWithMorphologySequentialStreamDropoutDev_BaselineLanguage_Fast_SaveLast_NoFinePOS.py	Slovak	Slovak	RANDOM_BY_TYPE	16	0.00128442391957	1.59296137099	711909007	5.48479223688
yWithMorphologySequentialStreamDropoutDev_BaselineLanguage_Fast_SaveLast_NoFinePOS.py	Slovak	Slovak	RANDOM_BY_TYPE	17	0.000127522749444	1.59296137099	711909007	5.48479223688
yWithMorphologySequentialStreamDropoutDev_BaselineLanguage_Fast_SaveLast_NoFinePOS.py	Slovak	Slovak	RANDOM_BY_TYPE	18	0.000463767900859	1.59296137099	711909007	5.48479223688
yWithMorphologySequentialStreamDropoutDev_BaselineLanguage_Fast_SaveLast_NoFinePOS.py	Slovak	Slovak	RANDOM_BY_TYPE	19	0	1.59296137099	711909007	5.48479223688
yWithMorphologySequentialStreamDropoutDev_BaselineLanguage_Fast_SaveLast_NoFinePOS.py	Slovak	Slovak	RANDOM_BY_TYPE	1	1.18603025246	1.48708170665	7641454	5.45916048693
yWithMorphologySequentialStreamDropoutDev_BaselineLanguage_Fast_SaveLast_NoFinePOS.py	Slovak	Slovak	RANDOM_BY_TYPE	2	0.140412692419	1.48708170665	7641454	5.45916048693
yWithMorphologySequentialStreamDropoutDev_BaselineLanguage_Fast_SaveLast_NoFinePOS.py	Slovak	Slovak	RANDOM_BY_TYPE	3	0.0768543110727	1.48708170665	7641454	5.45916048693
yWithMorphologySequentialStreamDropoutDev_BaselineLanguage_Fast_SaveLast_NoFinePOS.py	Slovak	Slovak	RANDOM_BY_TYPE	4	0.0359083065431	1.48708170665	7641454	5.45916048693
yWithMorphologySequentialStreamDropoutDev_BaselineLanguage_Fast_SaveLast_NoFinePOS.py	Slovak	Slovak	RANDOM_BY_TYPE	5	0.0171157301289	1.48708170665	7641454	5.45916048693
yWithMorphologySequentialStreamDropoutDev_BaselineLanguage_Fast_SaveLast_NoFinePOS.py	Slovak	Slovak	RANDOM_BY_TYPE	6	0.0102583912137	1.48708170665	7641454	5.45916048693
yWithMorphologySequentialStreamDropoutDev_BaselineLanguage_Fast_SaveLast_NoFinePOS.py	Slovak	Slovak	RANDOM_BY_TYPE	7	0.0034059864201	1.48708170665	7641454	5.45916048693
yWithMorphologySequentialStreamDropoutDev_BaselineLanguage_Fast_SaveLast_NoFinePOS.py	Slovak	Slovak	RANDOM_BY_TYPE	8	0.004960438405	1.48708170665	7641454	5.45916048693
yWithMorphologySequentialStreamDropoutDev_BaselineLanguage_Fast_SaveLast_NoFinePOS.py	Slovak	Slovak	RANDOM_BY_TYPE	9	0.00295593432368	1.48708170665	7641454	5.45916048693
yWithMorphologySequentialStreamDropoutDev_BaselineLanguage_Fast_SaveLast_NoFinePOS.py	Slovak	Slovak	RANDOM_BY_TYPE	10	0.0029870058984	1.48708170665	7641454	5.45916048693
yWithMorphologySequentialStreamDropoutDev_BaselineLanguage_Fast_SaveLast_NoFinePOS.py	Slovak	Slovak	RANDOM_BY_TYPE	11	0.00199347183312	1.48708170665	7641454	5.45916048693
yWithMorphologySequentialStreamDropoutDev_BaselineLanguage_Fast_SaveLast_NoFinePOS.py	Slovak	Slovak	RANDOM_BY_TYPE	12	0.00105766176361	1.48708170665	7641454	5.45916048693
yWithMorphologySequentialStreamDropoutDev_BaselineLanguage_Fast_SaveLast_NoFinePOS.py	Slovak	Slovak	RANDOM_BY_TYPE	13	0.000765717927724	1.48708170665	7641454	5.45916048693
yWithMorphologySequentialStreamDropoutDev_BaselineLanguage_Fast_SaveLast_NoFinePOS.py	Slovak	Slovak	RANDOM_BY_TYPE	14	0	1.48708170665	7641454	5.45916048693
yWithMorphologySequentialStreamDropoutDev_BaselineLanguage_Fast_SaveLast_NoFinePOS.py	Slovak	Slovak	RANDOM_BY_TYPE	15	0.00101458046534	1.48708170665	7641454	5.45916048693
yWithMorphologySequentialStreamDropoutDev_BaselineLanguage_Fast_SaveLast_NoFinePOS.py	Slovak	Slovak	RANDOM_BY_TYPE	16	0.000755824618144	1.48708170665	7641454	5.45916048693
yWithMorphologySequentialStreamDropoutDev_BaselineLanguage_Fast_SaveLast_NoFinePOS.py	Slovak	Slovak	RANDOM_BY_TYPE	17	0.000185849813566	1.48708170665	7641454	5.45916048693
yWithMorphologySequentialStreamDropoutDev_BaselineLanguage_Fast_SaveLast_NoFinePOS.py	Slovak	Slovak	RANDOM_BY_TYPE	18	0.000104786843469	1.48708170665	7641454	5.45916048693
yWithMorphologySequentialStreamDropoutDev_BaselineLanguage_Fast_SaveLast_NoFinePOS.py	Slovak	Slovak	RANDOM_BY_TYPE	19	0.000377791875029	1.48708170665	7641454	5.45916048693
yWithMorphologySequentialStreamDropoutDev_BaselineLanguage_Fast_SaveLast_NoFinePOS.py	Slovak	Slovak	RANDOM_BY_TYPE	1	1.33574927082	1.61607815836	2975047	5.51340118075
yWithMorphologySequentialStreamDropoutDev_BaselineLanguage_Fast_SaveLast_NoFinePOS.py	Slovak	Slovak	RANDOM_BY_TYPE	2	0.166818080414	1.61607815836	2975047	5.51340118075
yWithMorphologySequentialStreamDropoutDev_BaselineLanguage_Fast_SaveLast_NoFinePOS.py	Slovak	Slovak	RANDOM_BY_TYPE	3	0.0512850685071	1.61607815836	2975047	5.51340118075
yWithMorphologySequentialStreamDropoutDev_BaselineLanguage_Fast_SaveLast_NoFinePOS.py	Slovak	Slovak	RANDOM_BY_TYPE	4	0.0235846266355	1.61607815836	2975047	5.51340118075
yWithMorphologySequentialStreamDropoutDev_BaselineLanguage_Fast_SaveLast_NoFinePOS.py	Slovak	Slovak	RANDOM_BY_TYPE	5	0.0147253697457	1.61607815836	2975047	5.51340118075
yWithMorphologySequentialStreamDropoutDev_BaselineLanguage_Fast_SaveLast_NoFinePOS.py	Slovak	Slovak	RANDOM_BY_TYPE	6	0.00524843359647	1.61607815836	2975047	5.51340118075
yWithMorphologySequentialStreamDropoutDev_BaselineLanguage_Fast_SaveLast_NoFinePOS.py	Slovak	Slovak	RANDOM_BY_TYPE	7	0.0043927503367	1.61607815836	2975047	5.51340118075
yWithMorphologySequentialStreamDropoutDev_BaselineLanguage_Fast_SaveLast_NoFinePOS.py	Slovak	Slovak	RANDOM_BY_TYPE	8	0.00422686995709	1.61607815836	2975047	5.51340118075
yWithMorphologySequentialStreamDropoutDev_BaselineLanguage_Fast_SaveLast_NoFinePOS.py	Slovak	Slovak	RANDOM_BY_TYPE	9	0.00244099575363	1.61607815836	2975047	5.51340118075
yWithMorphologySequentialStreamDropoutDev_BaselineLanguage_Fast_SaveLast_NoFinePOS.py	Slovak	Slovak	RANDOM_BY_TYPE	10	0.00303611788031	1.61607815836	2975047	5.51340118075
yWithMorphologySequentialStreamDropoutDev_BaselineLanguage_Fast_SaveLast_NoFinePOS.py	Slovak	Slovak	RANDOM_BY_TYPE	11	0.000558979503096	1.61607815836	2975047	5.51340118075
yWithMorphologySequentialStreamDropoutDev_BaselineLanguage_Fast_SaveLast_NoFinePOS.py	Slovak	Slovak	RANDOM_BY_TYPE	12	0.00109738789193	1.61607815836	2975047	5.51340118075
yWithMorphologySequentialStreamDropoutDev_BaselineLanguage_Fast_SaveLast_NoFinePOS.py	Slovak	Slovak	RANDOM_BY_TYPE	13	0.000514505252446	1.61607815836	2975047	5.51340118075
yWithMorphologySequentialStreamDropoutDev_BaselineLanguage_Fast_SaveLast_NoFinePOS.py	Slovak	Slovak	RANDOM_BY_TYPE	14	0.000217521190643	1.61607815836	2975047	5.51340118075
yWithMorphologySequentialStreamDropoutDev_BaselineLanguage_Fast_SaveLast_NoFinePOS.py	Slovak	Slovak	RANDOM_BY_TYPE	15	0.000703633729726	1.61607815836	2975047	5.51340118075
yWithMorphologySequentialStreamDropoutDev_BaselineLanguage_Fast_SaveLast_NoFinePOS.py	Slovak	Slovak	RANDOM_BY_TYPE	16	0.000245758033779	1.61607815836	2975047	5.51340118075
yWithMorphologySequentialStreamDropoutDev_BaselineLanguage_Fast_SaveLast_NoFinePOS.py	Slovak	Slovak	RANDOM_BY_TYPE	17	0.000455034881422	1.61607815836	2975047	5.51340118075
yWithMorphologySequentialStreamDropoutDev_BaselineLanguage_Fast_SaveLast_NoFinePOS.py	Slovak	Slovak	RANDOM_BY_TYPE	18	0.000450296189687	1.61607815836	2975047	5.51340118075
yWithMorphologySequentialStreamDropoutDev_BaselineLanguage_Fast_SaveLast_NoFinePOS.py	Slovak	Slovak	RANDOM_BY_TYPE	19	0.000327458038722	1.61607815836	2975047	5.51340118075
yWithMorphologySequentialStreamDropoutDev_BaselineLanguage_Fast_SaveLast_NoFinePOS.py	Slovak	Slovak	RANDOM_BY_TYPE	1	1.24817049475	1.58318796362	3903831	5.5004281645
yWithMorphologySequentialStreamDropoutDev_BaselineLanguage_Fast_SaveLast_NoFinePOS.py	Slovak	Slovak	RANDOM_BY_TYPE	2	0.197634750196	1.58318796362	3903831	5.5004281645
yWithMorphologySequentialStreamDropoutDev_BaselineLanguage_Fast_SaveLast_NoFinePOS.py	Slovak	Slovak	RANDOM_BY_TYPE	3	0.0495008808701	1.58318796362	3903831	5.5004281645
yWithMorphologySequentialStreamDropoutDev_BaselineLanguage_Fast_SaveLast_NoFinePOS.py	Slovak	Slovak	RANDOM_BY_TYPE	4	0.0241011528936	1.58318796362	3903831	5.5004281645
yWithMorphologySequentialStreamDropoutDev_BaselineLanguage_Fast_SaveLast_NoFinePOS.py	Slovak	Slovak	RANDOM_BY_TYPE	5	0.0177875266091	1.58318796362	3903831	5.5004281645
yWithMorphologySequentialStreamDropoutDev_BaselineLanguage_Fast_SaveLast_NoFinePOS.py	Slovak	Slovak	RANDOM_BY_TYPE	6	0.0144295656926	1.58318796362	3903831	5.5004281645
yWithMorphologySequentialStreamDropoutDev_BaselineLanguage_Fast_SaveLast_NoFinePOS.py	Slovak	Slovak	RANDOM_BY_TYPE	7	0.00767577323195	1.58318796362	3903831	5.5004281645
yWithMorphologySequentialStreamDropoutDev_BaselineLanguage_Fast_SaveLast_NoFinePOS.py	Slovak	Slovak	RANDOM_BY_TYPE	8	0.00699837595633	1.58318796362	3903831	5.5004281645
yWithMorphologySequentialStreamDropoutDev_BaselineLanguage_Fast_SaveLast_NoFinePOS.py	Slovak	Slovak	RANDOM_BY_TYPE	9	0.00569139572039	1.58318796362	3903831	5.5004281645
yWithMorphologySequentialStreamDropoutDev_BaselineLanguage_Fast_SaveLast_NoFinePOS.py	Slovak	Slovak	RANDOM_BY_TYPE	10	0.00371457726172	1.58318796362	3903831	5.5004281645
yWithMorphologySequentialStreamDropoutDev_BaselineLanguage_Fast_SaveLast_NoFinePOS.py	Slovak	Slovak	RANDOM_BY_TYPE	11	0.00259535398385	1.58318796362	3903831	5.5004281645
yWithMorphologySequentialStreamDropoutDev_BaselineLanguage_Fast_SaveLast_NoFinePOS.py	Slovak	Slovak	RANDOM_BY_TYPE	12	0.000871853183394	1.58318796362	3903831	5.5004281645
yWithMorphologySequentialStreamDropoutDev_BaselineLanguage_Fast_SaveLast_NoFinePOS.py	Slovak	Slovak	RANDOM_BY_TYPE	13	0.00154552361737	1.58318796362	3903831	5.5004281645
yWithMorphologySequentialStreamDropoutDev_BaselineLanguage_Fast_SaveLast_NoFinePOS.py	Slovak	Slovak	RANDOM_BY_TYPE	14	0.00121173201358	1.58318796362	3903831	5.5004281645
yWithMorphologySequentialStreamDropoutDev_BaselineLanguage_Fast_SaveLast_NoFinePOS.py	Slovak	Slovak	RANDOM_BY_TYPE	15	0.00114925397586	1.58318796362	3903831	5.5004281645
yWithMorphologySequentialStreamDropoutDev_BaselineLanguage_Fast_SaveLast_NoFinePOS.py	Slovak	Slovak	RANDOM_BY_TYPE	16	8.70144122267e-05	1.58318796362	3903831	5.5004281645
yWithMorphologySequentialStreamDropoutDev_BaselineLanguage_Fast_SaveLast_NoFinePOS.py	Slovak	Slovak	RANDOM_BY_TYPE	17	0	1.58318796362	3903831	5.5004281645
yWithMorphologySequentialStreamDropoutDev_BaselineLanguage_Fast_SaveLast_NoFinePOS.py	Slovak	Slovak	RANDOM_BY_TYPE	18	0.000380817831379	1.58318796362	3903831	5.5004281645
yWithMorphologySequentialStreamDropoutDev_BaselineLanguage_Fast_SaveLast_NoFinePOS.py	Slovak	Slovak	RANDOM_BY_TYPE	19	0	1.58318796362	3903831	5.5004281645
yWithMorphologySequentialStreamDropoutDev_BaselineLanguage_Fast_SaveLast_NoFinePOS.py	Slovak	Slovak	RANDOM_BY_TYPE	1	1.33132744791	1.54135835999	733696	5.48030186912
yWithMorphologySequentialStreamDropoutDev_BaselineLanguage_Fast_SaveLast_NoFinePOS.py	Slovak	Slovak	RANDOM_BY_TYPE	2	0.113182739526	1.54135835999	733696	5.48030186912
yWithMorphologySequentialStreamDropoutDev_BaselineLanguage_Fast_SaveLast_NoFinePOS.py	Slovak	Slovak	RANDOM_BY_TYPE	3	0.0472744459567	1.54135835999	733696	5.48030186912
yWithMorphologySequentialStreamDropoutDev_BaselineLanguage_Fast_SaveLast_NoFinePOS.py	Slovak	Slovak	RANDOM_BY_TYPE	4	0.0241529879096	1.54135835999	733696	5.48030186912
yWithMorphologySequentialStreamDropoutDev_BaselineLanguage_Fast_SaveLast_NoFinePOS.py	Slovak	Slovak	RANDOM_BY_TYPE	5	0.00752153829352	1.54135835999	733696	5.48030186912
yWithMorphologySequentialStreamDropoutDev_BaselineLanguage_Fast_SaveLast_NoFinePOS.py	Slovak	Slovak	RANDOM_BY_TYPE	6	0.00496518689476	1.54135835999	733696	5.48030186912
yWithMorphologySequentialStreamDropoutDev_BaselineLanguage_Fast_SaveLast_NoFinePOS.py	Slovak	Slovak	RANDOM_BY_TYPE	7	0.00385721534082	1.54135835999	733696	5.48030186912
yWithMorphologySequentialStreamDropoutDev_BaselineLanguage_Fast_SaveLast_NoFinePOS.py	Slovak	Slovak	RANDOM_BY_TYPE	8	0.00276966201116	1.54135835999	733696	5.48030186912
yWithMorphologySequentialStreamDropoutDev_BaselineLanguage_Fast_SaveLast_NoFinePOS.py	Slovak	Slovak	RANDOM_BY_TYPE	9	0.00138987355853	1.54135835999	733696	5.48030186912
yWithMorphologySequentialStreamDropoutDev_BaselineLanguage_Fast_SaveLast_NoFinePOS.py	Slovak	Slovak	RANDOM_BY_TYPE	10	0.00192958818723	1.54135835999	733696	5.48030186912
yWithMorphologySequentialStreamDropoutDev_BaselineLanguage_Fast_SaveLast_NoFinePOS.py	Slovak	Slovak	RANDOM_BY_TYPE	11	0.00132142350282	1.54135835999	733696	5.48030186912
yWithMorphologySequentialStreamDropoutDev_BaselineLanguage_Fast_SaveLast_NoFinePOS.py	Slovak	Slovak	RANDOM_BY_TYPE	12	0.000877661941803	1.54135835999	733696	5.48030186912
yWithMorphologySequentialStreamDropoutDev_BaselineLanguage_Fast_SaveLast_NoFinePOS.py	Slovak	Slovak	RANDOM_BY_TYPE	13	0.000155915095382	1.54135835999	733696	5.48030186912
yWithMorphologySequentialStreamDropoutDev_BaselineLanguage_Fast_SaveLast_NoFinePOS.py	Slovak	Slovak	RANDOM_BY_TYPE	14	0.000109503652951	1.54135835999	733696	5.48030186912
yWithMorphologySequentialStreamDropoutDev_BaselineLanguage_Fast_SaveLast_NoFinePOS.py	Slovak	Slovak	RANDOM_BY_TYPE	15	0.000717906674294	1.54135835999	733696	5.48030186912
yWithMorphologySequentialStreamDropoutDev_BaselineLanguage_Fast_SaveLast_NoFinePOS.py	Slovak	Slovak	RANDOM_BY_TYPE	16	0	1.54135835999	733696	5.48030186912
yWithMorphologySequentialStreamDropoutDev_BaselineLanguage_Fast_SaveLast_NoFinePOS.py	Slovak	Slovak	RANDOM_BY_TYPE	17	0	1.54135835999	733696	5.48030186912
yWithMorphologySequentialStreamDropoutDev_BaselineLanguage_Fast_SaveLast_NoFinePOS.py	Slovak	Slovak	RANDOM_BY_TYPE	18	0.000397136725792	1.54135835999	733696	5.48030186912
yWithMorphologySequentialStreamDropoutDev_BaselineLanguage_Fast_SaveLast_NoFinePOS.py	Slovak	Slovak	RANDOM_BY_TYPE	19	0	1.54135835999	733696	5.48030186912
yWithMorphologySequentialStreamDropoutDev_BaselineLanguage_Fast_SaveLast_NoFinePOS.py	Slovak	Slovak	RANDOM_BY_TYPE	1	1.26279499715	1.59431199713	574272606	5.48411610898
yWithMorphologySequentialStreamDropoutDev_BaselineLanguage_Fast_SaveLast_NoFinePOS.py	Slovak	Slovak	RANDOM_BY_TYPE	2	0.18758782083	1.59431199713	574272606	5.48411610898
yWithMorphologySequentialStreamDropoutDev_BaselineLanguage_Fast_SaveLast_NoFinePOS.py	Slovak	Slovak	RANDOM_BY_TYPE	3	0.0663039781868	1.59431199713	574272606	5.48411610898
yWithMorphologySequentialStreamDropoutDev_BaselineLanguage_Fast_SaveLast_NoFinePOS.py	Slovak	Slovak	RANDOM_BY_TYPE	4	0.026443599389	1.59431199713	574272606	5.48411610898
yWithMorphologySequentialStreamDropoutDev_BaselineLanguage_Fast_SaveLast_NoFinePOS.py	Slovak	Slovak	RANDOM_BY_TYPE	5	0.017694876047	1.59431199713	574272606	5.48411610898
yWithMorphologySequentialStreamDropoutDev_BaselineLanguage_Fast_SaveLast_NoFinePOS.py	Slovak	Slovak	RANDOM_BY_TYPE	6	0.00967058719021	1.59431199713	574272606	5.48411610898
yWithMorphologySequentialStreamDropoutDev_BaselineLanguage_Fast_SaveLast_NoFinePOS.py	Slovak	Slovak	RANDOM_BY_TYPE	7	0.0051854675355	1.59431199713	574272606	5.48411610898
yWithMorphologySequentialStreamDropoutDev_BaselineLanguage_Fast_SaveLast_NoFinePOS.py	Slovak	Slovak	RANDOM_BY_TYPE	8	0.00461005209243	1.59431199713	574272606	5.48411610898
yWithMorphologySequentialStreamDropoutDev_BaselineLanguage_Fast_SaveLast_NoFinePOS.py	Slovak	Slovak	RANDOM_BY_TYPE	9	0.00326290420473	1.59431199713	574272606	5.48411610898
yWithMorphologySequentialStreamDropoutDev_BaselineLanguage_Fast_SaveLast_NoFinePOS.py	Slovak	Slovak	RANDOM_BY_TYPE	10	0.00275325909869	1.59431199713	574272606	5.48411610898
yWithMorphologySequentialStreamDropoutDev_BaselineLanguage_Fast_SaveLast_NoFinePOS.py	Slovak	Slovak	RANDOM_BY_TYPE	11	0.00310550238172	1.59431199713	574272606	5.48411610898
yWithMorphologySequentialStreamDropoutDev_BaselineLanguage_Fast_SaveLast_NoFinePOS.py	Slovak	Slovak	RANDOM_BY_TYPE	12	0.0012886534815	1.59431199713	574272606	5.48411610898
yWithMorphologySequentialStreamDropoutDev_BaselineLanguage_Fast_SaveLast_NoFinePOS.py	Slovak	Slovak	RANDOM_BY_TYPE	13	0.00113965179006	1.59431199713	574272606	5.48411610898
yWithMorphologySequentialStreamDropoutDev_BaselineLanguage_Fast_SaveLast_NoFinePOS.py	Slovak	Slovak	RANDOM_BY_TYPE	14	0.00132165224585	1.59431199713	574272606	5.48411610898
yWithMorphologySequentialStreamDropoutDev_BaselineLanguage_Fast_SaveLast_NoFinePOS.py	Slovak	Slovak	RANDOM_BY_TYPE	15	0.000204266628174	1.59431199713	574272606	5.48411610898
yWithMorphologySequentialStreamDropoutDev_BaselineLanguage_Fast_SaveLast_NoFinePOS.py	Slovak	Slovak	RANDOM_BY_TYPE	16	0.000492271413542	1.59431199713	574272606	5.48411610898
yWithMorphologySequentialStreamDropoutDev_BaselineLanguage_Fast_SaveLast_NoFinePOS.py	Slovak	Slovak	RANDOM_BY_TYPE	17	0.000481256271062	1.59431199713	574272606	5.48411610898
yWithMorphologySequentialStreamDropoutDev_BaselineLanguage_Fast_SaveLast_NoFinePOS.py	Slovak	Slovak	RANDOM_BY_TYPE	18	0	1.59431199713	574272606	5.48411610898
yWithMorphologySequentialStreamDropoutDev_BaselineLanguage_Fast_SaveLast_NoFinePOS.py	Slovak	Slovak	RANDOM_BY_TYPE	19	0	1.59431199713	574272606	5.48411610898
yWithMorphologySequentialStreamDropoutDev_BaselineLanguage_Fast_SaveLast_NoFinePOS.py	Slovak	Slovak	RANDOM_BY_TYPE	1	1.33798036498	1.64644337729	5922997	5.46396601457
yWithMorphologySequentialStreamDropoutDev_BaselineLanguage_Fast_SaveLast_NoFinePOS.py	Slovak	Slovak	RANDOM_BY_TYPE	2	0.204143053089	1.64644337729	5922997	5.46396601457
yWithMorphologySequentialStreamDropoutDev_BaselineLanguage_Fast_SaveLast_NoFinePOS.py	Slovak	Slovak	RANDOM_BY_TYPE	3	0.0280657417562	1.64644337729	5922997	5.46396601457
yWithMorphologySequentialStreamDropoutDev_BaselineLanguage_Fast_SaveLast_NoFinePOS.py	Slovak	Slovak	RANDOM_BY_TYPE	4	0.0218430910617	1.64644337729	5922997	5.46396601457
yWithMorphologySequentialStreamDropoutDev_BaselineLanguage_Fast_SaveLast_NoFinePOS.py	Slovak	Slovak	RANDOM_BY_TYPE	5	0.0128410389162	1.64644337729	5922997	5.46396601457
yWithMorphologySequentialStreamDropoutDev_BaselineLanguage_Fast_SaveLast_NoFinePOS.py	Slovak	Slovak	RANDOM_BY_TYPE	6	0.00975935438724	1.64644337729	5922997	5.46396601457
yWithMorphologySequentialStreamDropoutDev_BaselineLanguage_Fast_SaveLast_NoFinePOS.py	Slovak	Slovak	RANDOM_BY_TYPE	7	0.00835146291615	1.64644337729	5922997	5.46396601457
yWithMorphologySequentialStreamDropoutDev_BaselineLanguage_Fast_SaveLast_NoFinePOS.py	Slovak	Slovak	RANDOM_BY_TYPE	8	0.00418439246204	1.64644337729	5922997	5.46396601457
yWithMorphologySequentialStreamDropoutDev_BaselineLanguage_Fast_SaveLast_NoFinePOS.py	Slovak	Slovak	RANDOM_BY_TYPE	9	0.00612986189862	1.64644337729	5922997	5.46396601457
yWithMorphologySequentialStreamDropoutDev_BaselineLanguage_Fast_SaveLast_NoFinePOS.py	Slovak	Slovak	RANDOM_BY_TYPE	10	0.00449546477566	1.64644337729	5922997	5.46396601457
yWithMorphologySequentialStreamDropoutDev_BaselineLanguage_Fast_SaveLast_NoFinePOS.py	Slovak	Slovak	RANDOM_BY_TYPE	11	0.00201614123501	1.64644337729	5922997	5.46396601457
yWithMorphologySequentialStreamDropoutDev_BaselineLanguage_Fast_SaveLast_NoFinePOS.py	Slovak	Slovak	RANDOM_BY_TYPE	12	0.00153233939654	1.64644337729	5922997	5.46396601457
yWithMorphologySequentialStreamDropoutDev_BaselineLanguage_Fast_SaveLast_NoFinePOS.py	Slovak	Slovak	RANDOM_BY_TYPE	13	0.00143073809474	1.64644337729	5922997	5.46396601457
yWithMorphologySequentialStreamDropoutDev_BaselineLanguage_Fast_SaveLast_NoFinePOS.py	Slovak	Slovak	RANDOM_BY_TYPE	14	0.00125190129835	1.64644337729	5922997	5.46396601457
yWithMorphologySequentialStreamDropoutDev_BaselineLanguage_Fast_SaveLast_NoFinePOS.py	Slovak	Slovak	RANDOM_BY_TYPE	15	0.00160346684391	1.64644337729	5922997	5.46396601457
yWithMorphologySequentialStreamDropoutDev_BaselineLanguage_Fast_SaveLast_NoFinePOS.py	Slovak	Slovak	RANDOM_BY_TYPE	16	0.000795684448661	1.64644337729	5922997	5.46396601457
yWithMorphologySequentialStreamDropoutDev_BaselineLanguage_Fast_SaveLast_NoFinePOS.py	Slovak	Slovak	RANDOM_BY_TYPE	17	0	1.64644337729	5922997	5.46396601457
yWithMorphologySequentialStreamDropoutDev_BaselineLanguage_Fast_SaveLast_NoFinePOS.py	Slovak	Slovak	RANDOM_BY_TYPE	18	0.000593886432582	1.64644337729	5922997	5.46396601457
yWithMorphologySequentialStreamDropoutDev_BaselineLanguage_Fast_SaveLast_NoFinePOS.py	Slovak	Slovak	RANDOM_BY_TYPE	19	1.98287506628e-05	1.64644337729	5922997	5.46396601457
yWithMorphologySequentialStreamDropoutDev_BaselineLanguage_Fast_SaveLast_NoFinePOS.py	Slovak	Slovak	RANDOM_BY_TYPE	1	1.33145298484	1.67128721276	2342115	5.50610181228
yWithMorphologySequentialStreamDropoutDev_BaselineLanguage_Fast_SaveLast_NoFinePOS.py	Slovak	Slovak	RANDOM_BY_TYPE	2	0.234547403822	1.67128721276	2342115	5.50610181228
yWithMorphologySequentialStreamDropoutDev_BaselineLanguage_Fast_SaveLast_NoFinePOS.py	Slovak	Slovak	RANDOM_BY_TYPE	3	0.0437110434248	1.67128721276	2342115	5.50610181228
yWithMorphologySequentialStreamDropoutDev_BaselineLanguage_Fast_SaveLast_NoFinePOS.py	Slovak	Slovak	RANDOM_BY_TYPE	4	0.0225818829994	1.67128721276	2342115	5.50610181228
yWithMorphologySequentialStreamDropoutDev_BaselineLanguage_Fast_SaveLast_NoFinePOS.py	Slovak	Slovak	RANDOM_BY_TYPE	5	0.011790572413	1.67128721276	2342115	5.50610181228
yWithMorphologySequentialStreamDropoutDev_BaselineLanguage_Fast_SaveLast_NoFinePOS.py	Slovak	Slovak	RANDOM_BY_TYPE	6	0.00476479297631	1.67128721276	2342115	5.50610181228
yWithMorphologySequentialStreamDropoutDev_BaselineLanguage_Fast_SaveLast_NoFinePOS.py	Slovak	Slovak	RANDOM_BY_TYPE	7	0.005942477837	1.67128721276	2342115	5.50610181228
yWithMorphologySequentialStreamDropoutDev_BaselineLanguage_Fast_SaveLast_NoFinePOS.py	Slovak	Slovak	RANDOM_BY_TYPE	8	0.00686872303486	1.67128721276	2342115	5.50610181228
yWithMorphologySequentialStreamDropoutDev_BaselineLanguage_Fast_SaveLast_NoFinePOS.py	Slovak	Slovak	RANDOM_BY_TYPE	9	0.00558257972541	1.67128721276	2342115	5.50610181228
yWithMorphologySequentialStreamDropoutDev_BaselineLanguage_Fast_SaveLast_NoFinePOS.py	Slovak	Slovak	RANDOM_BY_TYPE	10	0.00167099114967	1.67128721276	2342115	5.50610181228
yWithMorphologySequentialStreamDropoutDev_BaselineLanguage_Fast_SaveLast_NoFinePOS.py	Slovak	Slovak	RANDOM_BY_TYPE	11	0.00110184750328	1.67128721276	2342115	5.50610181228
yWithMorphologySequentialStreamDropoutDev_BaselineLanguage_Fast_SaveLast_NoFinePOS.py	Slovak	Slovak	RANDOM_BY_TYPE	12	9.0068864496e-05	1.67128721276	2342115	5.50610181228
yWithMorphologySequentialStreamDropoutDev_BaselineLanguage_Fast_SaveLast_NoFinePOS.py	Slovak	Slovak	RANDOM_BY_TYPE	13	0.00119550791505	1.67128721276	2342115	5.50610181228
yWithMorphologySequentialStreamDropoutDev_BaselineLanguage_Fast_SaveLast_NoFinePOS.py	Slovak	Slovak	RANDOM_BY_TYPE	14	0.000972121627364	1.67128721276	2342115	5.50610181228
yWithMorphologySequentialStreamDropoutDev_BaselineLanguage_Fast_SaveLast_NoFinePOS.py	Slovak	Slovak	RANDOM_BY_TYPE	15	0	1.67128721276	2342115	5.50610181228
yWithMorphologySequentialStreamDropoutDev_BaselineLanguage_Fast_SaveLast_NoFinePOS.py	Slovak	Slovak	RANDOM_BY_TYPE	16	0	1.67128721276	2342115	5.50610181228
yWithMorphologySequentialStreamDropoutDev_BaselineLanguage_Fast_SaveLast_NoFinePOS.py	Slovak	Slovak	RANDOM_BY_TYPE	17	0	1.67128721276	2342115	5.50610181228
yWithMorphologySequentialStreamDropoutDev_BaselineLanguage_Fast_SaveLast_NoFinePOS.py	Slovak	Slovak	RANDOM_BY_TYPE	18	0	1.67128721276	2342115	5.50610181228
yWithMorphologySequentialStreamDropoutDev_BaselineLanguage_Fast_SaveLast_NoFinePOS.py	Slovak	Slovak	RANDOM_BY_TYPE	19	0	1.67128721276	2342115	5.50610181228
yWithMorphologySequentialStreamDropoutDev_BaselineLanguage_Fast_SaveLast_NoFinePOS.py	Slovak	Slovak	RANDOM_BY_TYPE	1	1.29807131184	1.63944408922	9250629	5.45181272544
yWithMorphologySequentialStreamDropoutDev_BaselineLanguage_Fast_SaveLast_NoFinePOS.py	Slovak	Slovak	RANDOM_BY_TYPE	2	0.229930054407	1.63944408922	9250629	5.45181272544
yWithMorphologySequentialStreamDropoutDev_BaselineLanguage_Fast_SaveLast_NoFinePOS.py	Slovak	Slovak	RANDOM_BY_TYPE	3	0.048798037351	1.63944408922	9250629	5.45181272544
yWithMorphologySequentialStreamDropoutDev_BaselineLanguage_Fast_SaveLast_NoFinePOS.py	Slovak	Slovak	RANDOM_BY_TYPE	4	0.0237495945741	1.63944408922	9250629	5.45181272544
yWithMorphologySequentialStreamDropoutDev_BaselineLanguage_Fast_SaveLast_NoFinePOS.py	Slovak	Slovak	RANDOM_BY_TYPE	5	0.00934770936019	1.63944408922	9250629	5.45181272544
yWithMorphologySequentialStreamDropoutDev_BaselineLanguage_Fast_SaveLast_NoFinePOS.py	Slovak	Slovak	RANDOM_BY_TYPE	6	0.00910151217082	1.63944408922	9250629	5.45181272544
yWithMorphologySequentialStreamDropoutDev_BaselineLanguage_Fast_SaveLast_NoFinePOS.py	Slovak	Slovak	RANDOM_BY_TYPE	7	0.00432457805496	1.63944408922	9250629	5.45181272544
yWithMorphologySequentialStreamDropoutDev_BaselineLanguage_Fast_SaveLast_NoFinePOS.py	Slovak	Slovak	RANDOM_BY_TYPE	8	0.00517199953941	1.63944408922	9250629	5.45181272544
yWithMorphologySequentialStreamDropoutDev_BaselineLanguage_Fast_SaveLast_NoFinePOS.py	Slovak	Slovak	RANDOM_BY_TYPE	9	0.00280909709734	1.63944408922	9250629	5.45181272544
yWithMorphologySequentialStreamDropoutDev_BaselineLanguage_Fast_SaveLast_NoFinePOS.py	Slovak	Slovak	RANDOM_BY_TYPE	10	0.00187856967319	1.63944408922	9250629	5.45181272544
yWithMorphologySequentialStreamDropoutDev_BaselineLanguage_Fast_SaveLast_NoFinePOS.py	Slovak	Slovak	RANDOM_BY_TYPE	11	0.00118099495973	1.63944408922	9250629	5.45181272544
yWithMorphologySequentialStreamDropoutDev_BaselineLanguage_Fast_SaveLast_NoFinePOS.py	Slovak	Slovak	RANDOM_BY_TYPE	12	0.00217622404229	1.63944408922	9250629	5.45181272544
yWithMorphologySequentialStreamDropoutDev_BaselineLanguage_Fast_SaveLast_NoFinePOS.py	Slovak	Slovak	RANDOM_BY_TYPE	13	0.00105190199532	1.63944408922	9250629	5.45181272544
yWithMorphologySequentialStreamDropoutDev_BaselineLanguage_Fast_SaveLast_NoFinePOS.py	Slovak	Slovak	RANDOM_BY_TYPE	14	0.00103178126355	1.63944408922	9250629	5.45181272544
yWithMorphologySequentialStreamDropoutDev_BaselineLanguage_Fast_SaveLast_NoFinePOS.py	Slovak	Slovak	RANDOM_BY_TYPE	15	0.000260622534033	1.63944408922	9250629	5.45181272544
yWithMorphologySequentialStreamDropoutDev_BaselineLanguage_Fast_SaveLast_NoFinePOS.py	Slovak	Slovak	RANDOM_BY_TYPE	16	0.000789523655421	1.63944408922	9250629	5.45181272544
yWithMorphologySequentialStreamDropoutDev_BaselineLanguage_Fast_SaveLast_NoFinePOS.py	Slovak	Slovak	RANDOM_BY_TYPE	17	4.29813992486e-05	1.63944408922	9250629	5.45181272544
yWithMorphologySequentialStreamDropoutDev_BaselineLanguage_Fast_SaveLast_NoFinePOS.py	Slovak	Slovak	RANDOM_BY_TYPE	18	0	1.63944408922	9250629	5.45181272544
yWithMorphologySequentialStreamDropoutDev_BaselineLanguage_Fast_SaveLast_NoFinePOS.py	Slovak	Slovak	RANDOM_BY_TYPE	19	0	1.63944408922	9250629	5.45181272544
yWithMorphologySequentialStreamDropoutDev_BaselineLanguage_Fast_SaveLast_NoFinePOS.py	Slovak	Slovak	RANDOM_BY_TYPE	1	1.36813746956	1.65368048079	619489284	5.45594606379
yWithMorphologySequentialStreamDropoutDev_BaselineLanguage_Fast_SaveLast_NoFinePOS.py	Slovak	Slovak	RANDOM_BY_TYPE	2	0.194154293121	1.65368048079	619489284	5.45594606379
yWithMorphologySequentialStreamDropoutDev_BaselineLanguage_Fast_SaveLast_NoFinePOS.py	Slovak	Slovak	RANDOM_BY_TYPE	3	0.0422495433321	1.65368048079	619489284	5.45594606379
yWithMorphologySequentialStreamDropoutDev_BaselineLanguage_Fast_SaveLast_NoFinePOS.py	Slovak	Slovak	RANDOM_BY_TYPE	4	0.015383212942	1.65368048079	619489284	5.45594606379
yWithMorphologySequentialStreamDropoutDev_BaselineLanguage_Fast_SaveLast_NoFinePOS.py	Slovak	Slovak	RANDOM_BY_TYPE	5	0.0134776148078	1.65368048079	619489284	5.45594606379
yWithMorphologySequentialStreamDropoutDev_BaselineLanguage_Fast_SaveLast_NoFinePOS.py	Slovak	Slovak	RANDOM_BY_TYPE	6	0.00558614396069	1.65368048079	619489284	5.45594606379
yWithMorphologySequentialStreamDropoutDev_BaselineLanguage_Fast_SaveLast_NoFinePOS.py	Slovak	Slovak	RANDOM_BY_TYPE	7	0.00323286901598	1.65368048079	619489284	5.45594606379
yWithMorphologySequentialStreamDropoutDev_BaselineLanguage_Fast_SaveLast_NoFinePOS.py	Slovak	Slovak	RANDOM_BY_TYPE	8	0.00438648250005	1.65368048079	619489284	5.45594606379
yWithMorphologySequentialStreamDropoutDev_BaselineLanguage_Fast_SaveLast_NoFinePOS.py	Slovak	Slovak	RANDOM_BY_TYPE	9	0.00119131721862	1.65368048079	619489284	5.45594606379
yWithMorphologySequentialStreamDropoutDev_BaselineLanguage_Fast_SaveLast_NoFinePOS.py	Slovak	Slovak	RANDOM_BY_TYPE	10	0.00262345785964	1.65368048079	619489284	5.45594606379
yWithMorphologySequentialStreamDropoutDev_BaselineLanguage_Fast_SaveLast_NoFinePOS.py	Slovak	Slovak	RANDOM_BY_TYPE	11	0.000811182676929	1.65368048079	619489284	5.45594606379
yWithMorphologySequentialStreamDropoutDev_BaselineLanguage_Fast_SaveLast_NoFinePOS.py	Slovak	Slovak	RANDOM_BY_TYPE	12	0.00176538016698	1.65368048079	619489284	5.45594606379
yWithMorphologySequentialStreamDropoutDev_BaselineLanguage_Fast_SaveLast_NoFinePOS.py	Slovak	Slovak	RANDOM_BY_TYPE	13	0.000674350090223	1.65368048079	619489284	5.45594606379
yWithMorphologySequentialStreamDropoutDev_BaselineLanguage_Fast_SaveLast_NoFinePOS.py	Slovak	Slovak	RANDOM_BY_TYPE	14	0.000226615961284	1.65368048079	619489284	5.45594606379
yWithMorphologySequentialStreamDropoutDev_BaselineLanguage_Fast_SaveLast_NoFinePOS.py	Slovak	Slovak	RANDOM_BY_TYPE	15	0.000488400949191	1.65368048079	619489284	5.45594606379
yWithMorphologySequentialStreamDropoutDev_BaselineLanguage_Fast_SaveLast_NoFinePOS.py	Slovak	Slovak	RANDOM_BY_TYPE	16	0.000373302053099	1.65368048079	619489284	5.45594606379
yWithMorphologySequentialStreamDropoutDev_BaselineLanguage_Fast_SaveLast_NoFinePOS.py	Slovak	Slovak	RANDOM_BY_TYPE	17	0	1.65368048079	619489284	5.45594606379
yWithMorphologySequentialStreamDropoutDev_BaselineLanguage_Fast_SaveLast_NoFinePOS.py	Slovak	Slovak	RANDOM_BY_TYPE	18	0	1.65368048079	619489284	5.45594606379
yWithMorphologySequentialStreamDropoutDev_BaselineLanguage_Fast_SaveLast_NoFinePOS.py	Slovak	Slovak	RANDOM_BY_TYPE	19	0	1.65368048079	619489284	5.45594606379
yWithMorphologySequentialStreamDropoutDev_BaselineLanguage_Fast_SaveLast_NoFinePOS.py	Slovak	Slovak	RANDOM_BY_TYPE	1	1.30602668952	1.64547064598	3662177	5.51897170258
yWithMorphologySequentialStreamDropoutDev_BaselineLanguage_Fast_SaveLast_NoFinePOS.py	Slovak	Slovak	RANDOM_BY_TYPE	2	0.225464171906	1.64547064598	3662177	5.51897170258
yWithMorphologySequentialStreamDropoutDev_BaselineLanguage_Fast_SaveLast_NoFinePOS.py	Slovak	Slovak	RANDOM_BY_TYPE	3	0.0501663287209	1.64547064598	3662177	5.51897170258
yWithMorphologySequentialStreamDropoutDev_BaselineLanguage_Fast_SaveLast_NoFinePOS.py	Slovak	Slovak	RANDOM_BY_TYPE	4	0.0202274129815	1.64547064598	3662177	5.51897170258
yWithMorphologySequentialStreamDropoutDev_BaselineLanguage_Fast_SaveLast_NoFinePOS.py	Slovak	Slovak	RANDOM_BY_TYPE	5	0.0134882563598	1.64547064598	3662177	5.51897170258
yWithMorphologySequentialStreamDropoutDev_BaselineLanguage_Fast_SaveLast_NoFinePOS.py	Slovak	Slovak	RANDOM_BY_TYPE	6	0.0113912798362	1.64547064598	3662177	5.51897170258
yWithMorphologySequentialStreamDropoutDev_BaselineLanguage_Fast_SaveLast_NoFinePOS.py	Slovak	Slovak	RANDOM_BY_TYPE	7	0.0042276557586	1.64547064598	3662177	5.51897170258
yWithMorphologySequentialStreamDropoutDev_BaselineLanguage_Fast_SaveLast_NoFinePOS.py	Slovak	Slovak	RANDOM_BY_TYPE	8	0.00351175812826	1.64547064598	3662177	5.51897170258
yWithMorphologySequentialStreamDropoutDev_BaselineLanguage_Fast_SaveLast_NoFinePOS.py	Slovak	Slovak	RANDOM_BY_TYPE	9	0.00442903956322	1.64547064598	3662177	5.51897170258
yWithMorphologySequentialStreamDropoutDev_BaselineLanguage_Fast_SaveLast_NoFinePOS.py	Slovak	Slovak	RANDOM_BY_TYPE	10	0.00238464311378	1.64547064598	3662177	5.51897170258
yWithMorphologySequentialStreamDropoutDev_BaselineLanguage_Fast_SaveLast_NoFinePOS.py	Slovak	Slovak	RANDOM_BY_TYPE	11	0.000834452371075	1.64547064598	3662177	5.51897170258
yWithMorphologySequentialStreamDropoutDev_BaselineLanguage_Fast_SaveLast_NoFinePOS.py	Slovak	Slovak	RANDOM_BY_TYPE	12	0.000984383690847	1.64547064598	3662177	5.51897170258
yWithMorphologySequentialStreamDropoutDev_BaselineLanguage_Fast_SaveLast_NoFinePOS.py	Slovak	Slovak	RANDOM_BY_TYPE	13	0.000360629084992	1.64547064598	3662177	5.51897170258
yWithMorphologySequentialStreamDropoutDev_BaselineLanguage_Fast_SaveLast_NoFinePOS.py	Slovak	Slovak	RANDOM_BY_TYPE	14	0.000153871064317	1.64547064598	3662177	5.51897170258
yWithMorphologySequentialStreamDropoutDev_BaselineLanguage_Fast_SaveLast_NoFinePOS.py	Slovak	Slovak	RANDOM_BY_TYPE	15	0.00053413722613	1.64547064598	3662177	5.51897170258
yWithMorphologySequentialStreamDropoutDev_BaselineLanguage_Fast_SaveLast_NoFinePOS.py	Slovak	Slovak	RANDOM_BY_TYPE	16	0.000347314468802	1.64547064598	3662177	5.51897170258
yWithMorphologySequentialStreamDropoutDev_BaselineLanguage_Fast_SaveLast_NoFinePOS.py	Slovak	Slovak	RANDOM_BY_TYPE	17	4.05585112637e-05	1.64547064598	3662177	5.51897170258
yWithMorphologySequentialStreamDropoutDev_BaselineLanguage_Fast_SaveLast_NoFinePOS.py	Slovak	Slovak	RANDOM_BY_TYPE	18	0.00076072456902	1.64547064598	3662177	5.51897170258
yWithMorphologySequentialStreamDropoutDev_BaselineLanguage_Fast_SaveLast_NoFinePOS.py	Slovak	Slovak	RANDOM_BY_TYPE	19	0.000137339103712	1.64547064598	3662177	5.51897170258
yWithMorphologySequentialStreamDropoutDev_BaselineLanguage_Fast_SaveLast_NoFinePOS.py	Slovak	Slovak	RANDOM_BY_TYPE	1	1.28029846173	1.63577499259	1549978	5.48577710027
yWithMorphologySequentialStreamDropoutDev_BaselineLanguage_Fast_SaveLast_NoFinePOS.py	Slovak	Slovak	RANDOM_BY_TYPE	2	0.230883142393	1.63577499259	1549978	5.48577710027
yWithMorphologySequentialStreamDropoutDev_BaselineLanguage_Fast_SaveLast_NoFinePOS.py	Slovak	Slovak	RANDOM_BY_TYPE	3	0.0594998181274	1.63577499259	1549978	5.48577710027
yWithMorphologySequentialStreamDropoutDev_BaselineLanguage_Fast_SaveLast_NoFinePOS.py	Slovak	Slovak	RANDOM_BY_TYPE	4	0.02418461393	1.63577499259	1549978	5.48577710027
yWithMorphologySequentialStreamDropoutDev_BaselineLanguage_Fast_SaveLast_NoFinePOS.py	Slovak	Slovak	RANDOM_BY_TYPE	5	0.0133013481963	1.63577499259	1549978	5.48577710027
yWithMorphologySequentialStreamDropoutDev_BaselineLanguage_Fast_SaveLast_NoFinePOS.py	Slovak	Slovak	RANDOM_BY_TYPE	6	0.00715745536432	1.63577499259	1549978	5.48577710027
yWithMorphologySequentialStreamDropoutDev_BaselineLanguage_Fast_SaveLast_NoFinePOS.py	Slovak	Slovak	RANDOM_BY_TYPE	7	0.0055669931108	1.63577499259	1549978	5.48577710027
yWithMorphologySequentialStreamDropoutDev_BaselineLanguage_Fast_SaveLast_NoFinePOS.py	Slovak	Slovak	RANDOM_BY_TYPE	8	0.00494973871806	1.63577499259	1549978	5.48577710027
yWithMorphologySequentialStreamDropoutDev_BaselineLanguage_Fast_SaveLast_NoFinePOS.py	Slovak	Slovak	RANDOM_BY_TYPE	9	0.00287907442001	1.63577499259	1549978	5.48577710027
yWithMorphologySequentialStreamDropoutDev_BaselineLanguage_Fast_SaveLast_NoFinePOS.py	Slovak	Slovak	RANDOM_BY_TYPE	10	0.00204911766803	1.63577499259	1549978	5.48577710027
yWithMorphologySequentialStreamDropoutDev_BaselineLanguage_Fast_SaveLast_NoFinePOS.py	Slovak	Slovak	RANDOM_BY_TYPE	11	0.00180259644985	1.63577499259	1549978	5.48577710027
yWithMorphologySequentialStreamDropoutDev_BaselineLanguage_Fast_SaveLast_NoFinePOS.py	Slovak	Slovak	RANDOM_BY_TYPE	12	0.00111788584761	1.63577499259	1549978	5.48577710027
yWithMorphologySequentialStreamDropoutDev_BaselineLanguage_Fast_SaveLast_NoFinePOS.py	Slovak	Slovak	RANDOM_BY_TYPE	13	0.00104546571431	1.63577499259	1549978	5.48577710027
yWithMorphologySequentialStreamDropoutDev_BaselineLanguage_Fast_SaveLast_NoFinePOS.py	Slovak	Slovak	RANDOM_BY_TYPE	14	0.00027879986861	1.63577499259	1549978	5.48577710027
yWithMorphologySequentialStreamDropoutDev_BaselineLanguage_Fast_SaveLast_NoFinePOS.py	Slovak	Slovak	RANDOM_BY_TYPE	15	0	1.63577499259	1549978	5.48577710027
yWithMorphologySequentialStreamDropoutDev_BaselineLanguage_Fast_SaveLast_NoFinePOS.py	Slovak	Slovak	RANDOM_BY_TYPE	16	0.000521350151872	1.63577499259	1549978	5.48577710027
yWithMorphologySequentialStreamDropoutDev_BaselineLanguage_Fast_SaveLast_NoFinePOS.py	Slovak	Slovak	RANDOM_BY_TYPE	17	5.03069325668e-05	1.63577499259	1549978	5.48577710027
yWithMorphologySequentialStreamDropoutDev_BaselineLanguage_Fast_SaveLast_NoFinePOS.py	Slovak	Slovak	RANDOM_BY_TYPE	18	0.000298892308588	1.63577499259	1549978	5.48577710027
yWithMorphologySequentialStreamDropoutDev_BaselineLanguage_Fast_SaveLast_NoFinePOS.py	Slovak	Slovak	RANDOM_BY_TYPE	19	0	1.63577499259	1549978	5.48577710027
yWithMorphologySequentialStreamDropoutDev_BaselineLanguage_Fast_SaveLast_NoFinePOS.py	Slovak	Slovak	RANDOM_BY_TYPE	1	1.28016300205	1.59346578301	6854230	5.49052206253
yWithMorphologySequentialStreamDropoutDev_BaselineLanguage_Fast_SaveLast_NoFinePOS.py	Slovak	Slovak	RANDOM_BY_TYPE	2	0.161219644547	1.59346578301	6854230	5.49052206253
yWithMorphologySequentialStreamDropoutDev_BaselineLanguage_Fast_SaveLast_NoFinePOS.py	Slovak	Slovak	RANDOM_BY_TYPE	3	0.0717264653069	1.59346578301	6854230	5.49052206253
yWithMorphologySequentialStreamDropoutDev_BaselineLanguage_Fast_SaveLast_NoFinePOS.py	Slovak	Slovak	RANDOM_BY_TYPE	4	0.0338514768097	1.59346578301	6854230	5.49052206253
yWithMorphologySequentialStreamDropoutDev_BaselineLanguage_Fast_SaveLast_NoFinePOS.py	Slovak	Slovak	RANDOM_BY_TYPE	5	0.0215486388092	1.59346578301	6854230	5.49052206253
yWithMorphologySequentialStreamDropoutDev_BaselineLanguage_Fast_SaveLast_NoFinePOS.py	Slovak	Slovak	RANDOM_BY_TYPE	6	0.00898524947362	1.59346578301	6854230	5.49052206253
yWithMorphologySequentialStreamDropoutDev_BaselineLanguage_Fast_SaveLast_NoFinePOS.py	Slovak	Slovak	RANDOM_BY_TYPE	7	0.00548378629227	1.59346578301	6854230	5.49052206253
yWithMorphologySequentialStreamDropoutDev_BaselineLanguage_Fast_SaveLast_NoFinePOS.py	Slovak	Slovak	RANDOM_BY_TYPE	8	0.00340884360549	1.59346578301	6854230	5.49052206253
yWithMorphologySequentialStreamDropoutDev_BaselineLanguage_Fast_SaveLast_NoFinePOS.py	Slovak	Slovak	RANDOM_BY_TYPE	9	0.00266899919673	1.59346578301	6854230	5.49052206253
yWithMorphologySequentialStreamDropoutDev_BaselineLanguage_Fast_SaveLast_NoFinePOS.py	Slovak	Slovak	RANDOM_BY_TYPE	10	0.00119210097888	1.59346578301	6854230	5.49052206253
yWithMorphologySequentialStreamDropoutDev_BaselineLanguage_Fast_SaveLast_NoFinePOS.py	Slovak	Slovak	RANDOM_BY_TYPE	11	0.000801086711557	1.59346578301	6854230	5.49052206253
yWithMorphologySequentialStreamDropoutDev_BaselineLanguage_Fast_SaveLast_NoFinePOS.py	Slovak	Slovak	RANDOM_BY_TYPE	12	0.000909642242406	1.59346578301	6854230	5.49052206253
yWithMorphologySequentialStreamDropoutDev_BaselineLanguage_Fast_SaveLast_NoFinePOS.py	Slovak	Slovak	RANDOM_BY_TYPE	13	0.000638491364374	1.59346578301	6854230	5.49052206253
yWithMorphologySequentialStreamDropoutDev_BaselineLanguage_Fast_SaveLast_NoFinePOS.py	Slovak	Slovak	RANDOM_BY_TYPE	14	0.000784771164803	1.59346578301	6854230	5.49052206253
yWithMorphologySequentialStreamDropoutDev_BaselineLanguage_Fast_SaveLast_NoFinePOS.py	Slovak	Slovak	RANDOM_BY_TYPE	15	9.85716303736e-05	1.59346578301	6854230	5.49052206253
yWithMorphologySequentialStreamDropoutDev_BaselineLanguage_Fast_SaveLast_NoFinePOS.py	Slovak	Slovak	RANDOM_BY_TYPE	16	0	1.59346578301	6854230	5.49052206253
yWithMorphologySequentialStreamDropoutDev_BaselineLanguage_Fast_SaveLast_NoFinePOS.py	Slovak	Slovak	RANDOM_BY_TYPE	17	0	1.59346578301	6854230	5.49052206253
yWithMorphologySequentialStreamDropoutDev_BaselineLanguage_Fast_SaveLast_NoFinePOS.py	Slovak	Slovak	RANDOM_BY_TYPE	18	0.000543819184172	1.59346578301	6854230	5.49052206253
yWithMorphologySequentialStreamDropoutDev_BaselineLanguage_Fast_SaveLast_NoFinePOS.py	Slovak	Slovak	RANDOM_BY_TYPE	19	0	1.59346578301	6854230	5.49052206253
yWithMorphologySequentialStreamDropoutDev_BaselineLanguage_Fast_SaveLast_NoFinePOS.py	Slovak	Slovak	RANDOM_BY_TYPE	1	1.44986838339	1.679529296	999682705	5.51647148888
yWithMorphologySequentialStreamDropoutDev_BaselineLanguage_Fast_SaveLast_NoFinePOS.py	Slovak	Slovak	RANDOM_BY_TYPE	2	0.144233979142	1.679529296	999682705	5.51647148888
yWithMorphologySequentialStreamDropoutDev_BaselineLanguage_Fast_SaveLast_NoFinePOS.py	Slovak	Slovak	RANDOM_BY_TYPE	3	0.0394287739715	1.679529296	999682705	5.51647148888
yWithMorphologySequentialStreamDropoutDev_BaselineLanguage_Fast_SaveLast_NoFinePOS.py	Slovak	Slovak	RANDOM_BY_TYPE	4	0.0144883308509	1.679529296	999682705	5.51647148888
yWithMorphologySequentialStreamDropoutDev_BaselineLanguage_Fast_SaveLast_NoFinePOS.py	Slovak	Slovak	RANDOM_BY_TYPE	5	0.0104969439849	1.679529296	999682705	5.51647148888
yWithMorphologySequentialStreamDropoutDev_BaselineLanguage_Fast_SaveLast_NoFinePOS.py	Slovak	Slovak	RANDOM_BY_TYPE	6	0.00891945166131	1.679529296	999682705	5.51647148888
yWithMorphologySequentialStreamDropoutDev_BaselineLanguage_Fast_SaveLast_NoFinePOS.py	Slovak	Slovak	RANDOM_BY_TYPE	7	0.00460921285087	1.679529296	999682705	5.51647148888
yWithMorphologySequentialStreamDropoutDev_BaselineLanguage_Fast_SaveLast_NoFinePOS.py	Slovak	Slovak	RANDOM_BY_TYPE	8	0.0044636050724	1.679529296	999682705	5.51647148888
yWithMorphologySequentialStreamDropoutDev_BaselineLanguage_Fast_SaveLast_NoFinePOS.py	Slovak	Slovak	RANDOM_BY_TYPE	9	0	1.679529296	999682705	5.51647148888
yWithMorphologySequentialStreamDropoutDev_BaselineLanguage_Fast_SaveLast_NoFinePOS.py	Slovak	Slovak	RANDOM_BY_TYPE	10	0.0014827405345	1.679529296	999682705	5.51647148888
yWithMorphologySequentialStreamDropoutDev_BaselineLanguage_Fast_SaveLast_NoFinePOS.py	Slovak	Slovak	RANDOM_BY_TYPE	11	0.00108619940608	1.679529296	999682705	5.51647148888
yWithMorphologySequentialStreamDropoutDev_BaselineLanguage_Fast_SaveLast_NoFinePOS.py	Slovak	Slovak	RANDOM_BY_TYPE	12	0.000707197760883	1.679529296	999682705	5.51647148888
yWithMorphologySequentialStreamDropoutDev_BaselineLanguage_Fast_SaveLast_NoFinePOS.py	Slovak	Slovak	RANDOM_BY_TYPE	13	0.00048964599224	1.679529296	999682705	5.51647148888
yWithMorphologySequentialStreamDropoutDev_BaselineLanguage_Fast_SaveLast_NoFinePOS.py	Slovak	Slovak	RANDOM_BY_TYPE	14	0	1.679529296	999682705	5.51647148888
yWithMorphologySequentialStreamDropoutDev_BaselineLanguage_Fast_SaveLast_NoFinePOS.py	Slovak	Slovak	RANDOM_BY_TYPE	15	0	1.679529296	999682705	5.51647148888
yWithMorphologySequentialStreamDropoutDev_BaselineLanguage_Fast_SaveLast_NoFinePOS.py	Slovak	Slovak	RANDOM_BY_TYPE	16	0.000303147549499	1.679529296	999682705	5.51647148888
yWithMorphologySequentialStreamDropoutDev_BaselineLanguage_Fast_SaveLast_NoFinePOS.py	Slovak	Slovak	RANDOM_BY_TYPE	17	0.000596232814332	1.679529296	999682705	5.51647148888
yWithMorphologySequentialStreamDropoutDev_BaselineLanguage_Fast_SaveLast_NoFinePOS.py	Slovak	Slovak	RANDOM_BY_TYPE	18	0	1.679529296	999682705	5.51647148888
yWithMorphologySequentialStreamDropoutDev_BaselineLanguage_Fast_SaveLast_NoFinePOS.py	Slovak	Slovak	RANDOM_BY_TYPE	19	0	1.679529296	999682705	5.51647148888
yWithMorphologySequentialStreamDropoutDev_BaselineLanguage_Fast_SaveLast_NoFinePOS.py	Slovak	Slovak	RANDOM_BY_TYPE	1	1.41656965809	1.62793357258	4668338	5.47517436878
yWithMorphologySequentialStreamDropoutDev_BaselineLanguage_Fast_SaveLast_NoFinePOS.py	Slovak	Slovak	RANDOM_BY_TYPE	2	0.118372923503	1.62793357258	4668338	5.47517436878
yWithMorphologySequentialStreamDropoutDev_BaselineLanguage_Fast_SaveLast_NoFinePOS.py	Slovak	Slovak	RANDOM_BY_TYPE	3	0.0354917693628	1.62793357258	4668338	5.47517436878
yWithMorphologySequentialStreamDropoutDev_BaselineLanguage_Fast_SaveLast_NoFinePOS.py	Slovak	Slovak	RANDOM_BY_TYPE	4	0.0130727351528	1.62793357258	4668338	5.47517436878
yWithMorphologySequentialStreamDropoutDev_BaselineLanguage_Fast_SaveLast_NoFinePOS.py	Slovak	Slovak	RANDOM_BY_TYPE	5	0.0126080555459	1.62793357258	4668338	5.47517436878
yWithMorphologySequentialStreamDropoutDev_BaselineLanguage_Fast_SaveLast_NoFinePOS.py	Slovak	Slovak	RANDOM_BY_TYPE	6	0.00697852454773	1.62793357258	4668338	5.47517436878
yWithMorphologySequentialStreamDropoutDev_BaselineLanguage_Fast_SaveLast_NoFinePOS.py	Slovak	Slovak	RANDOM_BY_TYPE	7	0.00141184048293	1.62793357258	4668338	5.47517436878
yWithMorphologySequentialStreamDropoutDev_BaselineLanguage_Fast_SaveLast_NoFinePOS.py	Slovak	Slovak	RANDOM_BY_TYPE	8	0.0057383233962	1.62793357258	4668338	5.47517436878
yWithMorphologySequentialStreamDropoutDev_BaselineLanguage_Fast_SaveLast_NoFinePOS.py	Slovak	Slovak	RANDOM_BY_TYPE	9	0.00467394778173	1.62793357258	4668338	5.47517436878
yWithMorphologySequentialStreamDropoutDev_BaselineLanguage_Fast_SaveLast_NoFinePOS.py	Slovak	Slovak	RANDOM_BY_TYPE	10	0.00282294995164	1.62793357258	4668338	5.47517436878
yWithMorphologySequentialStreamDropoutDev_BaselineLanguage_Fast_SaveLast_NoFinePOS.py	Slovak	Slovak	RANDOM_BY_TYPE	11	0.00226184754339	1.62793357258	4668338	5.47517436878
yWithMorphologySequentialStreamDropoutDev_BaselineLanguage_Fast_SaveLast_NoFinePOS.py	Slovak	Slovak	RANDOM_BY_TYPE	12	0.00225564033201	1.62793357258	4668338	5.47517436878
yWithMorphologySequentialStreamDropoutDev_BaselineLanguage_Fast_SaveLast_NoFinePOS.py	Slovak	Slovak	RANDOM_BY_TYPE	13	0.00163846215973	1.62793357258	4668338	5.47517436878
yWithMorphologySequentialStreamDropoutDev_BaselineLanguage_Fast_SaveLast_NoFinePOS.py	Slovak	Slovak	RANDOM_BY_TYPE	14	0.00109638608482	1.62793357258	4668338	5.47517436878
yWithMorphologySequentialStreamDropoutDev_BaselineLanguage_Fast_SaveLast_NoFinePOS.py	Slovak	Slovak	RANDOM_BY_TYPE	15	0	1.62793357258	4668338	5.47517436878
yWithMorphologySequentialStreamDropoutDev_BaselineLanguage_Fast_SaveLast_NoFinePOS.py	Slovak	Slovak	RANDOM_BY_TYPE	16	0.000726271124735	1.62793357258	4668338	5.47517436878
yWithMorphologySequentialStreamDropoutDev_BaselineLanguage_Fast_SaveLast_NoFinePOS.py	Slovak	Slovak	RANDOM_BY_TYPE	17	0.000990330683042	1.62793357258	4668338	5.47517436878
yWithMorphologySequentialStreamDropoutDev_BaselineLanguage_Fast_SaveLast_NoFinePOS.py	Slovak	Slovak	RANDOM_BY_TYPE	18	0.00114727542825	1.62793357258	4668338	5.47517436878
yWithMorphologySequentialStreamDropoutDev_BaselineLanguage_Fast_SaveLast_NoFinePOS.py	Slovak	Slovak	RANDOM_BY_TYPE	19	0.000392200032326	1.62793357258	4668338	5.47517436878
yWithMorphologySequentialStreamDropoutDev_BaselineLanguage_Fast_SaveLast_NoFinePOS.py	Slovak	Slovak	RANDOM_BY_TYPE	1	1.36108530658	1.70419638136	5381871	5.47726464488
yWithMorphologySequentialStreamDropoutDev_BaselineLanguage_Fast_SaveLast_NoFinePOS.py	Slovak	Slovak	RANDOM_BY_TYPE	2	0.25307527805	1.70419638136	5381871	5.47726464488
yWithMorphologySequentialStreamDropoutDev_BaselineLanguage_Fast_SaveLast_NoFinePOS.py	Slovak	Slovak	RANDOM_BY_TYPE	3	0.0448030470985	1.70419638136	5381871	5.47726464488
yWithMorphologySequentialStreamDropoutDev_BaselineLanguage_Fast_SaveLast_NoFinePOS.py	Slovak	Slovak	RANDOM_BY_TYPE	4	0.0199726866124	1.70419638136	5381871	5.47726464488
yWithMorphologySequentialStreamDropoutDev_BaselineLanguage_Fast_SaveLast_NoFinePOS.py	Slovak	Slovak	RANDOM_BY_TYPE	5	0.0067844725635	1.70419638136	5381871	5.47726464488
yWithMorphologySequentialStreamDropoutDev_BaselineLanguage_Fast_SaveLast_NoFinePOS.py	Slovak	Slovak	RANDOM_BY_TYPE	6	0.00762409963836	1.70419638136	5381871	5.47726464488
yWithMorphologySequentialStreamDropoutDev_BaselineLanguage_Fast_SaveLast_NoFinePOS.py	Slovak	Slovak	RANDOM_BY_TYPE	7	0.00159520535436	1.70419638136	5381871	5.47726464488
yWithMorphologySequentialStreamDropoutDev_BaselineLanguage_Fast_SaveLast_NoFinePOS.py	Slovak	Slovak	RANDOM_BY_TYPE	8	0.00173617515662	1.70419638136	5381871	5.47726464488
yWithMorphologySequentialStreamDropoutDev_BaselineLanguage_Fast_SaveLast_NoFinePOS.py	Slovak	Slovak	RANDOM_BY_TYPE	9	0.00228145359314	1.70419638136	5381871	5.47726464488
yWithMorphologySequentialStreamDropoutDev_BaselineLanguage_Fast_SaveLast_NoFinePOS.py	Slovak	Slovak	RANDOM_BY_TYPE	10	0.00108902556439	1.70419638136	5381871	5.47726464488
yWithMorphologySequentialStreamDropoutDev_BaselineLanguage_Fast_SaveLast_NoFinePOS.py	Slovak	Slovak	RANDOM_BY_TYPE	11	0.000235402257475	1.70419638136	5381871	5.47726464488
yWithMorphologySequentialStreamDropoutDev_BaselineLanguage_Fast_SaveLast_NoFinePOS.py	Slovak	Slovak	RANDOM_BY_TYPE	12	0.00184272760398	1.70419638136	5381871	5.47726464488
yWithMorphologySequentialStreamDropoutDev_BaselineLanguage_Fast_SaveLast_NoFinePOS.py	Slovak	Slovak	RANDOM_BY_TYPE	13	0.00097704015366	1.70419638136	5381871	5.47726464488
yWithMorphologySequentialStreamDropoutDev_BaselineLanguage_Fast_SaveLast_NoFinePOS.py	Slovak	Slovak	RANDOM_BY_TYPE	14	0	1.70419638136	5381871	5.47726464488
yWithMorphologySequentialStreamDropoutDev_BaselineLanguage_Fast_SaveLast_NoFinePOS.py	Slovak	Slovak	RANDOM_BY_TYPE	15	0.000886837015413	1.70419638136	5381871	5.47726464488
yWithMorphologySequentialStreamDropoutDev_BaselineLanguage_Fast_SaveLast_NoFinePOS.py	Slovak	Slovak	RANDOM_BY_TYPE	16	7.95937972526e-05	1.70419638136	5381871	5.47726464488
yWithMorphologySequentialStreamDropoutDev_BaselineLanguage_Fast_SaveLast_NoFinePOS.py	Slovak	Slovak	RANDOM_BY_TYPE	17	0.000168421986985	1.70419638136	5381871	5.47726464488
yWithMorphologySequentialStreamDropoutDev_BaselineLanguage_Fast_SaveLast_NoFinePOS.py	Slovak	Slovak	RANDOM_BY_TYPE	18	0.000112014069949	1.70419638136	5381871	5.47726464488
yWithMorphologySequentialStreamDropoutDev_BaselineLanguage_Fast_SaveLast_NoFinePOS.py	Slovak	Slovak	RANDOM_BY_TYPE	19	0.000231639612211	1.70419638136	5381871	5.47726464488
yWithMorphologySequentialStreamDropoutDev_BaselineLanguage_Fast_SaveLast_NoFinePOS.py	Slovak	Slovak	RANDOM_BY_TYPE	1	1.26810883182	1.55077612053	8976822	5.46402820116
yWithMorphologySequentialStreamDropoutDev_BaselineLanguage_Fast_SaveLast_NoFinePOS.py	Slovak	Slovak	RANDOM_BY_TYPE	2	0.128644452315	1.55077612053	8976822	5.46402820116
yWithMorphologySequentialStreamDropoutDev_BaselineLanguage_Fast_SaveLast_NoFinePOS.py	Slovak	Slovak	RANDOM_BY_TYPE	3	0.0508099127306	1.55077612053	8976822	5.46402820116
yWithMorphologySequentialStreamDropoutDev_BaselineLanguage_Fast_SaveLast_NoFinePOS.py	Slovak	Slovak	RANDOM_BY_TYPE	4	0.0304335247164	1.55077612053	8976822	5.46402820116
yWithMorphologySequentialStreamDropoutDev_BaselineLanguage_Fast_SaveLast_NoFinePOS.py	Slovak	Slovak	RANDOM_BY_TYPE	5	0.0215737780888	1.55077612053	8976822	5.46402820116
yWithMorphologySequentialStreamDropoutDev_BaselineLanguage_Fast_SaveLast_NoFinePOS.py	Slovak	Slovak	RANDOM_BY_TYPE	6	0.0157955147632	1.55077612053	8976822	5.46402820116
yWithMorphologySequentialStreamDropoutDev_BaselineLanguage_Fast_SaveLast_NoFinePOS.py	Slovak	Slovak	RANDOM_BY_TYPE	7	0.0122284681421	1.55077612053	8976822	5.46402820116
yWithMorphologySequentialStreamDropoutDev_BaselineLanguage_Fast_SaveLast_NoFinePOS.py	Slovak	Slovak	RANDOM_BY_TYPE	8	0.00639872416242	1.55077612053	8976822	5.46402820116
yWithMorphologySequentialStreamDropoutDev_BaselineLanguage_Fast_SaveLast_NoFinePOS.py	Slovak	Slovak	RANDOM_BY_TYPE	9	0.00487151746064	1.55077612053	8976822	5.46402820116
yWithMorphologySequentialStreamDropoutDev_BaselineLanguage_Fast_SaveLast_NoFinePOS.py	Slovak	Slovak	RANDOM_BY_TYPE	10	0.00407853387807	1.55077612053	8976822	5.46402820116
yWithMorphologySequentialStreamDropoutDev_BaselineLanguage_Fast_SaveLast_NoFinePOS.py	Slovak	Slovak	RANDOM_BY_TYPE	11	0.00268801552792	1.55077612053	8976822	5.46402820116
yWithMorphologySequentialStreamDropoutDev_BaselineLanguage_Fast_SaveLast_NoFinePOS.py	Slovak	Slovak	RANDOM_BY_TYPE	12	0.0010655095316	1.55077612053	8976822	5.46402820116
yWithMorphologySequentialStreamDropoutDev_BaselineLanguage_Fast_SaveLast_NoFinePOS.py	Slovak	Slovak	RANDOM_BY_TYPE	13	0.00126055017726	1.55077612053	8976822	5.46402820116
yWithMorphologySequentialStreamDropoutDev_BaselineLanguage_Fast_SaveLast_NoFinePOS.py	Slovak	Slovak	RANDOM_BY_TYPE	14	0.000654622177555	1.55077612053	8976822	5.46402820116
yWithMorphologySequentialStreamDropoutDev_BaselineLanguage_Fast_SaveLast_NoFinePOS.py	Slovak	Slovak	RANDOM_BY_TYPE	15	0.000761561034477	1.55077612053	8976822	5.46402820116
yWithMorphologySequentialStreamDropoutDev_BaselineLanguage_Fast_SaveLast_NoFinePOS.py	Slovak	Slovak	RANDOM_BY_TYPE	16	0.000368948423699	1.55077612053	8976822	5.46402820116
yWithMorphologySequentialStreamDropoutDev_BaselineLanguage_Fast_SaveLast_NoFinePOS.py	Slovak	Slovak	RANDOM_BY_TYPE	17	0.00114587145309	1.55077612053	8976822	5.46402820116
yWithMorphologySequentialStreamDropoutDev_BaselineLanguage_Fast_SaveLast_NoFinePOS.py	Slovak	Slovak	RANDOM_BY_TYPE	18	7.25670628352e-05	1.55077612053	8976822	5.46402820116
yWithMorphologySequentialStreamDropoutDev_BaselineLanguage_Fast_SaveLast_NoFinePOS.py	Slovak	Slovak	RANDOM_BY_TYPE	19	0	1.55077612053	8976822	5.46402820116
yWithMorphologySequentialStreamDropoutDev_BaselineLanguage_Fast_SaveLast_NoFinePOS.py	Slovak	Slovak	RANDOM_BY_TYPE	1	1.3118186578	1.54045318063	3872395	5.47711715531
yWithMorphologySequentialStreamDropoutDev_BaselineLanguage_Fast_SaveLast_NoFinePOS.py	Slovak	Slovak	RANDOM_BY_TYPE	2	0.141223280683	1.54045318063	3872395	5.47711715531
yWithMorphologySequentialStreamDropoutDev_BaselineLanguage_Fast_SaveLast_NoFinePOS.py	Slovak	Slovak	RANDOM_BY_TYPE	3	0.0382336217655	1.54045318063	3872395	5.47711715531
yWithMorphologySequentialStreamDropoutDev_BaselineLanguage_Fast_SaveLast_NoFinePOS.py	Slovak	Slovak	RANDOM_BY_TYPE	4	0.019234065936	1.54045318063	3872395	5.47711715531
yWithMorphologySequentialStreamDropoutDev_BaselineLanguage_Fast_SaveLast_NoFinePOS.py	Slovak	Slovak	RANDOM_BY_TYPE	5	0.00825065656068	1.54045318063	3872395	5.47711715531
yWithMorphologySequentialStreamDropoutDev_BaselineLanguage_Fast_SaveLast_NoFinePOS.py	Slovak	Slovak	RANDOM_BY_TYPE	6	0.00506441266569	1.54045318063	3872395	5.47711715531
yWithMorphologySequentialStreamDropoutDev_BaselineLanguage_Fast_SaveLast_NoFinePOS.py	Slovak	Slovak	RANDOM_BY_TYPE	7	0.003742310119	1.54045318063	3872395	5.47711715531
yWithMorphologySequentialStreamDropoutDev_BaselineLanguage_Fast_SaveLast_NoFinePOS.py	Slovak	Slovak	RANDOM_BY_TYPE	8	0.00292434663805	1.54045318063	3872395	5.47711715531
yWithMorphologySequentialStreamDropoutDev_BaselineLanguage_Fast_SaveLast_NoFinePOS.py	Slovak	Slovak	RANDOM_BY_TYPE	9	0.00181363718967	1.54045318063	3872395	5.47711715531
yWithMorphologySequentialStreamDropoutDev_BaselineLanguage_Fast_SaveLast_NoFinePOS.py	Slovak	Slovak	RANDOM_BY_TYPE	10	0.00241128749227	1.54045318063	3872395	5.47711715531
yWithMorphologySequentialStreamDropoutDev_BaselineLanguage_Fast_SaveLast_NoFinePOS.py	Slovak	Slovak	RANDOM_BY_TYPE	11	0.0028931596916	1.54045318063	3872395	5.47711715531
yWithMorphologySequentialStreamDropoutDev_BaselineLanguage_Fast_SaveLast_NoFinePOS.py	Slovak	Slovak	RANDOM_BY_TYPE	12	0.000855158248993	1.54045318063	3872395	5.47711715531
yWithMorphologySequentialStreamDropoutDev_BaselineLanguage_Fast_SaveLast_NoFinePOS.py	Slovak	Slovak	RANDOM_BY_TYPE	13	0.000217867714085	1.54045318063	3872395	5.47711715531
yWithMorphologySequentialStreamDropoutDev_BaselineLanguage_Fast_SaveLast_NoFinePOS.py	Slovak	Slovak	RANDOM_BY_TYPE	14	0.000561933852222	1.54045318063	3872395	5.47711715531
yWithMorphologySequentialStreamDropoutDev_BaselineLanguage_Fast_SaveLast_NoFinePOS.py	Slovak	Slovak	RANDOM_BY_TYPE	15	9.37452871503e-05	1.54045318063	3872395	5.47711715531
yWithMorphologySequentialStreamDropoutDev_BaselineLanguage_Fast_SaveLast_NoFinePOS.py	Slovak	Slovak	RANDOM_BY_TYPE	16	0.000560696933368	1.54045318063	3872395	5.47711715531
yWithMorphologySequentialStreamDropoutDev_BaselineLanguage_Fast_SaveLast_NoFinePOS.py	Slovak	Slovak	RANDOM_BY_TYPE	17	0.000364425737564	1.54045318063	3872395	5.47711715531
yWithMorphologySequentialStreamDropoutDev_BaselineLanguage_Fast_SaveLast_NoFinePOS.py	Slovak	Slovak	RANDOM_BY_TYPE	18	0	1.54045318063	3872395	5.47711715531
yWithMorphologySequentialStreamDropoutDev_BaselineLanguage_Fast_SaveLast_NoFinePOS.py	Slovak	Slovak	RANDOM_BY_TYPE	19	0.000405569966525	1.54045318063	3872395	5.47711715531
yWithMorphologySequentialStreamDropoutDev_BaselineLanguage_Fast_SaveLast_NoFinePOS.py	Slovak	Slovak	RANDOM_BY_TYPE	1	1.32000260047	1.57429761397	741413	5.4397123712
yWithMorphologySequentialStreamDropoutDev_BaselineLanguage_Fast_SaveLast_NoFinePOS.py	Slovak	Slovak	RANDOM_BY_TYPE	2	0.13353356176	1.57429761397	741413	5.4397123712
yWithMorphologySequentialStreamDropoutDev_BaselineLanguage_Fast_SaveLast_NoFinePOS.py	Slovak	Slovak	RANDOM_BY_TYPE	3	0.052663154104	1.57429761397	741413	5.4397123712
yWithMorphologySequentialStreamDropoutDev_BaselineLanguage_Fast_SaveLast_NoFinePOS.py	Slovak	Slovak	RANDOM_BY_TYPE	4	0.0278606252311	1.57429761397	741413	5.4397123712
yWithMorphologySequentialStreamDropoutDev_BaselineLanguage_Fast_SaveLast_NoFinePOS.py	Slovak	Slovak	RANDOM_BY_TYPE	5	0.0118330739132	1.57429761397	741413	5.4397123712
yWithMorphologySequentialStreamDropoutDev_BaselineLanguage_Fast_SaveLast_NoFinePOS.py	Slovak	Slovak	RANDOM_BY_TYPE	6	0.00826818791971	1.57429761397	741413	5.4397123712
yWithMorphologySequentialStreamDropoutDev_BaselineLanguage_Fast_SaveLast_NoFinePOS.py	Slovak	Slovak	RANDOM_BY_TYPE	7	0.00903957804588	1.57429761397	741413	5.4397123712
yWithMorphologySequentialStreamDropoutDev_BaselineLanguage_Fast_SaveLast_NoFinePOS.py	Slovak	Slovak	RANDOM_BY_TYPE	8	0.00477428591415	1.57429761397	741413	5.4397123712
yWithMorphologySequentialStreamDropoutDev_BaselineLanguage_Fast_SaveLast_NoFinePOS.py	Slovak	Slovak	RANDOM_BY_TYPE	9	0.00437880101269	1.57429761397	741413	5.4397123712
yWithMorphologySequentialStreamDropoutDev_BaselineLanguage_Fast_SaveLast_NoFinePOS.py	Slovak	Slovak	RANDOM_BY_TYPE	10	0.00046485948236	1.57429761397	741413	5.4397123712
yWithMorphologySequentialStreamDropoutDev_BaselineLanguage_Fast_SaveLast_NoFinePOS.py	Slovak	Slovak	RANDOM_BY_TYPE	11	0.000192083561257	1.57429761397	741413	5.4397123712
yWithMorphologySequentialStreamDropoutDev_BaselineLanguage_Fast_SaveLast_NoFinePOS.py	Slovak	Slovak	RANDOM_BY_TYPE	12	0.000872460048492	1.57429761397	741413	5.4397123712
yWithMorphologySequentialStreamDropoutDev_BaselineLanguage_Fast_SaveLast_NoFinePOS.py	Slovak	Slovak	RANDOM_BY_TYPE	13	0.000346114088412	1.57429761397	741413	5.4397123712
yWithMorphologySequentialStreamDropoutDev_BaselineLanguage_Fast_SaveLast_NoFinePOS.py	Slovak	Slovak	RANDOM_BY_TYPE	14	0.000471541285515	1.57429761397	741413	5.4397123712
yWithMorphologySequentialStreamDropoutDev_BaselineLanguage_Fast_SaveLast_NoFinePOS.py	Slovak	Slovak	RANDOM_BY_TYPE	15	0	1.57429761397	741413	5.4397123712
yWithMorphologySequentialStreamDropoutDev_BaselineLanguage_Fast_SaveLast_NoFinePOS.py	Slovak	Slovak	RANDOM_BY_TYPE	16	0	1.57429761397	741413	5.4397123712
yWithMorphologySequentialStreamDropoutDev_BaselineLanguage_Fast_SaveLast_NoFinePOS.py	Slovak	Slovak	RANDOM_BY_TYPE	17	0.000225559162767	1.57429761397	741413	5.4397123712
yWithMorphologySequentialStreamDropoutDev_BaselineLanguage_Fast_SaveLast_NoFinePOS.py	Slovak	Slovak	RANDOM_BY_TYPE	18	0	1.57429761397	741413	5.4397123712
yWithMorphologySequentialStreamDropoutDev_BaselineLanguage_Fast_SaveLast_NoFinePOS.py	Slovak	Slovak	RANDOM_BY_TYPE	19	0.000214841186184	1.57429761397	741413	5.4397123712
yWithMorphologySequentialStreamDropoutDev_BaselineLanguage_Fast_SaveLast_NoFinePOS.py	Slovak	Slovak	RANDOM_BY_TYPE	1	1.29872232067	1.54476443178	9799063	5.47864363581
yWithMorphologySequentialStreamDropoutDev_BaselineLanguage_Fast_SaveLast_NoFinePOS.py	Slovak	Slovak	RANDOM_BY_TYPE	2	0.127966767141	1.54476443178	9799063	5.47864363581
yWithMorphologySequentialStreamDropoutDev_BaselineLanguage_Fast_SaveLast_NoFinePOS.py	Slovak	Slovak	RANDOM_BY_TYPE	3	0.0448969967561	1.54476443178	9799063	5.47864363581
yWithMorphologySequentialStreamDropoutDev_BaselineLanguage_Fast_SaveLast_NoFinePOS.py	Slovak	Slovak	RANDOM_BY_TYPE	4	0.0243459908113	1.54476443178	9799063	5.47864363581
yWithMorphologySequentialStreamDropoutDev_BaselineLanguage_Fast_SaveLast_NoFinePOS.py	Slovak	Slovak	RANDOM_BY_TYPE	5	0.0100200599187	1.54476443178	9799063	5.47864363581
yWithMorphologySequentialStreamDropoutDev_BaselineLanguage_Fast_SaveLast_NoFinePOS.py	Slovak	Slovak	RANDOM_BY_TYPE	6	0.00786518964865	1.54476443178	9799063	5.47864363581
yWithMorphologySequentialStreamDropoutDev_BaselineLanguage_Fast_SaveLast_NoFinePOS.py	Slovak	Slovak	RANDOM_BY_TYPE	7	0.00704979345407	1.54476443178	9799063	5.47864363581
yWithMorphologySequentialStreamDropoutDev_BaselineLanguage_Fast_SaveLast_NoFinePOS.py	Slovak	Slovak	RANDOM_BY_TYPE	8	0.00563745257789	1.54476443178	9799063	5.47864363581
yWithMorphologySequentialStreamDropoutDev_BaselineLanguage_Fast_SaveLast_NoFinePOS.py	Slovak	Slovak	RANDOM_BY_TYPE	9	0.00372446575393	1.54476443178	9799063	5.47864363581
yWithMorphologySequentialStreamDropoutDev_BaselineLanguage_Fast_SaveLast_NoFinePOS.py	Slovak	Slovak	RANDOM_BY_TYPE	10	0.00426432731217	1.54476443178	9799063	5.47864363581
yWithMorphologySequentialStreamDropoutDev_BaselineLanguage_Fast_SaveLast_NoFinePOS.py	Slovak	Slovak	RANDOM_BY_TYPE	11	0.00201930607835	1.54476443178	9799063	5.47864363581
yWithMorphologySequentialStreamDropoutDev_BaselineLanguage_Fast_SaveLast_NoFinePOS.py	Slovak	Slovak	RANDOM_BY_TYPE	12	0.00280147468391	1.54476443178	9799063	5.47864363581
yWithMorphologySequentialStreamDropoutDev_BaselineLanguage_Fast_SaveLast_NoFinePOS.py	Slovak	Slovak	RANDOM_BY_TYPE	13	0.000950765732217	1.54476443178	9799063	5.47864363581
yWithMorphologySequentialStreamDropoutDev_BaselineLanguage_Fast_SaveLast_NoFinePOS.py	Slovak	Slovak	RANDOM_BY_TYPE	14	0.000780738461507	1.54476443178	9799063	5.47864363581
yWithMorphologySequentialStreamDropoutDev_BaselineLanguage_Fast_SaveLast_NoFinePOS.py	Slovak	Slovak	RANDOM_BY_TYPE	15	0.00124773962857	1.54476443178	9799063	5.47864363581
yWithMorphologySequentialStreamDropoutDev_BaselineLanguage_Fast_SaveLast_NoFinePOS.py	Slovak	Slovak	RANDOM_BY_TYPE	16	0.000786540973676	1.54476443178	9799063	5.47864363581
yWithMorphologySequentialStreamDropoutDev_BaselineLanguage_Fast_SaveLast_NoFinePOS.py	Slovak	Slovak	RANDOM_BY_TYPE	17	0.000825206833343	1.54476443178	9799063	5.47864363581
yWithMorphologySequentialStreamDropoutDev_BaselineLanguage_Fast_SaveLast_NoFinePOS.py	Slovak	Slovak	RANDOM_BY_TYPE	18	0.000452881928993	1.54476443178	9799063	5.47864363581
yWithMorphologySequentialStreamDropoutDev_BaselineLanguage_Fast_SaveLast_NoFinePOS.py	Slovak	Slovak	RANDOM_BY_TYPE	19	0.000406413413074	1.54476443178	9799063	5.47864363581
yWithMorphologySequentialStreamDropoutDev_BaselineLanguage_Fast_SaveLast_NoFinePOS.py	Slovak	Slovak	RANDOM_BY_TYPE	1	1.35887785799	1.67991923465	7339586	5.53899618828
yWithMorphologySequentialStreamDropoutDev_BaselineLanguage_Fast_SaveLast_NoFinePOS.py	Slovak	Slovak	RANDOM_BY_TYPE	2	0.237398216945	1.67991923465	7339586	5.53899618828
yWithMorphologySequentialStreamDropoutDev_BaselineLanguage_Fast_SaveLast_NoFinePOS.py	Slovak	Slovak	RANDOM_BY_TYPE	3	0.0350893585649	1.67991923465	7339586	5.53899618828
yWithMorphologySequentialStreamDropoutDev_BaselineLanguage_Fast_SaveLast_NoFinePOS.py	Slovak	Slovak	RANDOM_BY_TYPE	4	0.0164647949477	1.67991923465	7339586	5.53899618828
yWithMorphologySequentialStreamDropoutDev_BaselineLanguage_Fast_SaveLast_NoFinePOS.py	Slovak	Slovak	RANDOM_BY_TYPE	5	0.00965178886505	1.67991923465	7339586	5.53899618828
yWithMorphologySequentialStreamDropoutDev_BaselineLanguage_Fast_SaveLast_NoFinePOS.py	Slovak	Slovak	RANDOM_BY_TYPE	6	0.00799000397937	1.67991923465	7339586	5.53899618828
yWithMorphologySequentialStreamDropoutDev_BaselineLanguage_Fast_SaveLast_NoFinePOS.py	Slovak	Slovak	RANDOM_BY_TYPE	7	0.00316412763236	1.67991923465	7339586	5.53899618828
yWithMorphologySequentialStreamDropoutDev_BaselineLanguage_Fast_SaveLast_NoFinePOS.py	Slovak	Slovak	RANDOM_BY_TYPE	8	0.00347640510291	1.67991923465	7339586	5.53899618828
yWithMorphologySequentialStreamDropoutDev_BaselineLanguage_Fast_SaveLast_NoFinePOS.py	Slovak	Slovak	RANDOM_BY_TYPE	9	0.0017646472748	1.67991923465	7339586	5.53899618828
yWithMorphologySequentialStreamDropoutDev_BaselineLanguage_Fast_SaveLast_NoFinePOS.py	Slovak	Slovak	RANDOM_BY_TYPE	10	0.00119276406014	1.67991923465	7339586	5.53899618828
yWithMorphologySequentialStreamDropoutDev_BaselineLanguage_Fast_SaveLast_NoFinePOS.py	Slovak	Slovak	RANDOM_BY_TYPE	11	0.00193323782862	1.67991923465	7339586	5.53899618828
yWithMorphologySequentialStreamDropoutDev_BaselineLanguage_Fast_SaveLast_NoFinePOS.py	Slovak	Slovak	RANDOM_BY_TYPE	12	0.000857511652659	1.67991923465	7339586	5.53899618828
yWithMorphologySequentialStreamDropoutDev_BaselineLanguage_Fast_SaveLast_NoFinePOS.py	Slovak	Slovak	RANDOM_BY_TYPE	13	0.000706153536496	1.67991923465	7339586	5.53899618828
yWithMorphologySequentialStreamDropoutDev_BaselineLanguage_Fast_SaveLast_NoFinePOS.py	Slovak	Slovak	RANDOM_BY_TYPE	14	0.000959337410861	1.67991923465	7339586	5.53899618828
yWithMorphologySequentialStreamDropoutDev_BaselineLanguage_Fast_SaveLast_NoFinePOS.py	Slovak	Slovak	RANDOM_BY_TYPE	15	0	1.67991923465	7339586	5.53899618828
yWithMorphologySequentialStreamDropoutDev_BaselineLanguage_Fast_SaveLast_NoFinePOS.py	Slovak	Slovak	RANDOM_BY_TYPE	16	0.000225092164458	1.67991923465	7339586	5.53899618828
yWithMorphologySequentialStreamDropoutDev_BaselineLanguage_Fast_SaveLast_NoFinePOS.py	Slovak	Slovak	RANDOM_BY_TYPE	17	0	1.67991923465	7339586	5.53899618828
yWithMorphologySequentialStreamDropoutDev_BaselineLanguage_Fast_SaveLast_NoFinePOS.py	Slovak	Slovak	RANDOM_BY_TYPE	18	0	1.67991923465	7339586	5.53899618828
yWithMorphologySequentialStreamDropoutDev_BaselineLanguage_Fast_SaveLast_NoFinePOS.py	Slovak	Slovak	RANDOM_BY_TYPE	19	0.000511136773514	1.67991923465	7339586	5.53899618828
yWithMorphologySequentialStreamDropoutDev_BaselineLanguage_Fast_SaveLast_NoFinePOS.py	Slovak	Slovak	RANDOM_BY_TYPE	1	1.22914628244	1.60446297347	4295488	5.47155751243
yWithMorphologySequentialStreamDropoutDev_BaselineLanguage_Fast_SaveLast_NoFinePOS.py	Slovak	Slovak	RANDOM_BY_TYPE	2	0.227474636084	1.60446297347	4295488	5.47155751243
yWithMorphologySequentialStreamDropoutDev_BaselineLanguage_Fast_SaveLast_NoFinePOS.py	Slovak	Slovak	RANDOM_BY_TYPE	3	0.0774044046663	1.60446297347	4295488	5.47155751243
yWithMorphologySequentialStreamDropoutDev_BaselineLanguage_Fast_SaveLast_NoFinePOS.py	Slovak	Slovak	RANDOM_BY_TYPE	4	0.0348691617381	1.60446297347	4295488	5.47155751243
yWithMorphologySequentialStreamDropoutDev_BaselineLanguage_Fast_SaveLast_NoFinePOS.py	Slovak	Slovak	RANDOM_BY_TYPE	5	0.0171524539386	1.60446297347	4295488	5.47155751243
yWithMorphologySequentialStreamDropoutDev_BaselineLanguage_Fast_SaveLast_NoFinePOS.py	Slovak	Slovak	RANDOM_BY_TYPE	6	0.0102475751344	1.60446297347	4295488	5.47155751243
yWithMorphologySequentialStreamDropoutDev_BaselineLanguage_Fast_SaveLast_NoFinePOS.py	Slovak	Slovak	RANDOM_BY_TYPE	7	0.00374907867549	1.60446297347	4295488	5.47155751243
yWithMorphologySequentialStreamDropoutDev_BaselineLanguage_Fast_SaveLast_NoFinePOS.py	Slovak	Slovak	RANDOM_BY_TYPE	8	0.00213130385908	1.60446297347	4295488	5.47155751243
yWithMorphologySequentialStreamDropoutDev_BaselineLanguage_Fast_SaveLast_NoFinePOS.py	Slovak	Slovak	RANDOM_BY_TYPE	9	0.000767993886177	1.60446297347	4295488	5.47155751243
yWithMorphologySequentialStreamDropoutDev_BaselineLanguage_Fast_SaveLast_NoFinePOS.py	Slovak	Slovak	RANDOM_BY_TYPE	10	0.000994249892561	1.60446297347	4295488	5.47155751243
yWithMorphologySequentialStreamDropoutDev_BaselineLanguage_Fast_SaveLast_NoFinePOS.py	Slovak	Slovak	RANDOM_BY_TYPE	11	0.00100675596766	1.60446297347	4295488	5.47155751243
yWithMorphologySequentialStreamDropoutDev_BaselineLanguage_Fast_SaveLast_NoFinePOS.py	Slovak	Slovak	RANDOM_BY_TYPE	12	0	1.60446297347	4295488	5.47155751243
yWithMorphologySequentialStreamDropoutDev_BaselineLanguage_Fast_SaveLast_NoFinePOS.py	Slovak	Slovak	RANDOM_BY_TYPE	13	0	1.60446297347	4295488	5.47155751243
yWithMorphologySequentialStreamDropoutDev_BaselineLanguage_Fast_SaveLast_NoFinePOS.py	Slovak	Slovak	RANDOM_BY_TYPE	14	0.000359470101252	1.60446297347	4295488	5.47155751243
yWithMorphologySequentialStreamDropoutDev_BaselineLanguage_Fast_SaveLast_NoFinePOS.py	Slovak	Slovak	RANDOM_BY_TYPE	15	0	1.60446297347	4295488	5.47155751243
yWithMorphologySequentialStreamDropoutDev_BaselineLanguage_Fast_SaveLast_NoFinePOS.py	Slovak	Slovak	RANDOM_BY_TYPE	16	0	1.60446297347	4295488	5.47155751243
yWithMorphologySequentialStreamDropoutDev_BaselineLanguage_Fast_SaveLast_NoFinePOS.py	Slovak	Slovak	RANDOM_BY_TYPE	17	0.000171739107942	1.60446297347	4295488	5.47155751243
yWithMorphologySequentialStreamDropoutDev_BaselineLanguage_Fast_SaveLast_NoFinePOS.py	Slovak	Slovak	RANDOM_BY_TYPE	18	0.000286081025045	1.60446297347	4295488	5.47155751243
yWithMorphologySequentialStreamDropoutDev_BaselineLanguage_Fast_SaveLast_NoFinePOS.py	Slovak	Slovak	RANDOM_BY_TYPE	19	7.12261216282e-05	1.60446297347	4295488	5.47155751243
yWithMorphologySequentialStreamDropoutDev_BaselineLanguage_Fast_SaveLast_NoFinePOS.py	Slovak	Slovak	RANDOM_BY_TYPE	1	1.34473142771	1.63375243291	8137886	5.48141143138
yWithMorphologySequentialStreamDropoutDev_BaselineLanguage_Fast_SaveLast_NoFinePOS.py	Slovak	Slovak	RANDOM_BY_TYPE	2	0.165693214781	1.63375243291	8137886	5.48141143138
yWithMorphologySequentialStreamDropoutDev_BaselineLanguage_Fast_SaveLast_NoFinePOS.py	Slovak	Slovak	RANDOM_BY_TYPE	3	0.0452876662963	1.63375243291	8137886	5.48141143138
yWithMorphologySequentialStreamDropoutDev_BaselineLanguage_Fast_SaveLast_NoFinePOS.py	Slovak	Slovak	RANDOM_BY_TYPE	4	0.0258398899885	1.63375243291	8137886	5.48141143138
yWithMorphologySequentialStreamDropoutDev_BaselineLanguage_Fast_SaveLast_NoFinePOS.py	Slovak	Slovak	RANDOM_BY_TYPE	5	0.0140364203143	1.63375243291	8137886	5.48141143138
yWithMorphologySequentialStreamDropoutDev_BaselineLanguage_Fast_SaveLast_NoFinePOS.py	Slovak	Slovak	RANDOM_BY_TYPE	6	0.0109968472017	1.63375243291	8137886	5.48141143138
yWithMorphologySequentialStreamDropoutDev_BaselineLanguage_Fast_SaveLast_NoFinePOS.py	Slovak	Slovak	RANDOM_BY_TYPE	7	0.00715200002879	1.63375243291	8137886	5.48141143138
yWithMorphologySequentialStreamDropoutDev_BaselineLanguage_Fast_SaveLast_NoFinePOS.py	Slovak	Slovak	RANDOM_BY_TYPE	8	0.00247182396993	1.63375243291	8137886	5.48141143138
yWithMorphologySequentialStreamDropoutDev_BaselineLanguage_Fast_SaveLast_NoFinePOS.py	Slovak	Slovak	RANDOM_BY_TYPE	9	0.00623665011092	1.63375243291	8137886	5.48141143138
yWithMorphologySequentialStreamDropoutDev_BaselineLanguage_Fast_SaveLast_NoFinePOS.py	Slovak	Slovak	RANDOM_BY_TYPE	10	0.00421788749629	1.63375243291	8137886	5.48141143138
yWithMorphologySequentialStreamDropoutDev_BaselineLanguage_Fast_SaveLast_NoFinePOS.py	Slovak	Slovak	RANDOM_BY_TYPE	11	0.00116765066369	1.63375243291	8137886	5.48141143138
yWithMorphologySequentialStreamDropoutDev_BaselineLanguage_Fast_SaveLast_NoFinePOS.py	Slovak	Slovak	RANDOM_BY_TYPE	12	0.000686629994275	1.63375243291	8137886	5.48141143138
yWithMorphologySequentialStreamDropoutDev_BaselineLanguage_Fast_SaveLast_NoFinePOS.py	Slovak	Slovak	RANDOM_BY_TYPE	13	0.00146612994475	1.63375243291	8137886	5.48141143138
yWithMorphologySequentialStreamDropoutDev_BaselineLanguage_Fast_SaveLast_NoFinePOS.py	Slovak	Slovak	RANDOM_BY_TYPE	14	0.000732888342583	1.63375243291	8137886	5.48141143138
yWithMorphologySequentialStreamDropoutDev_BaselineLanguage_Fast_SaveLast_NoFinePOS.py	Slovak	Slovak	RANDOM_BY_TYPE	15	0.000920673551625	1.63375243291	8137886	5.48141143138
yWithMorphologySequentialStreamDropoutDev_BaselineLanguage_Fast_SaveLast_NoFinePOS.py	Slovak	Slovak	RANDOM_BY_TYPE	16	0.000795152783394	1.63375243291	8137886	5.48141143138
yWithMorphologySequentialStreamDropoutDev_BaselineLanguage_Fast_SaveLast_NoFinePOS.py	Slovak	Slovak	RANDOM_BY_TYPE	17	0.000452896421903	1.63375243291	8137886	5.48141143138
yWithMorphologySequentialStreamDropoutDev_BaselineLanguage_Fast_SaveLast_NoFinePOS.py	Slovak	Slovak	RANDOM_BY_TYPE	18	0.000541324852264	1.63375243291	8137886	5.48141143138
yWithMorphologySequentialStreamDropoutDev_BaselineLanguage_Fast_SaveLast_NoFinePOS.py	Slovak	Slovak	RANDOM_BY_TYPE	19	0.000325258464029	1.63375243291	8137886	5.48141143138
yWithMorphologySequentialStreamDropoutDev_BaselineLanguage_Fast_SaveLast_NoFinePOS.py	Slovak	Slovak	RANDOM_BY_TYPE	1	1.3431697169	1.62756504768	4356378	5.45173451419
yWithMorphologySequentialStreamDropoutDev_BaselineLanguage_Fast_SaveLast_NoFinePOS.py	Slovak	Slovak	RANDOM_BY_TYPE	2	0.203881913015	1.62756504768	4356378	5.45173451419
yWithMorphologySequentialStreamDropoutDev_BaselineLanguage_Fast_SaveLast_NoFinePOS.py	Slovak	Slovak	RANDOM_BY_TYPE	3	0.0427763013399	1.62756504768	4356378	5.45173451419
yWithMorphologySequentialStreamDropoutDev_BaselineLanguage_Fast_SaveLast_NoFinePOS.py	Slovak	Slovak	RANDOM_BY_TYPE	4	0.0149807313125	1.62756504768	4356378	5.45173451419
yWithMorphologySequentialStreamDropoutDev_BaselineLanguage_Fast_SaveLast_NoFinePOS.py	Slovak	Slovak	RANDOM_BY_TYPE	5	0.0122954302863	1.62756504768	4356378	5.45173451419
yWithMorphologySequentialStreamDropoutDev_BaselineLanguage_Fast_SaveLast_NoFinePOS.py	Slovak	Slovak	RANDOM_BY_TYPE	6	0.00324602686379	1.62756504768	4356378	5.45173451419
yWithMorphologySequentialStreamDropoutDev_BaselineLanguage_Fast_SaveLast_NoFinePOS.py	Slovak	Slovak	RANDOM_BY_TYPE	7	0.00183385994336	1.62756504768	4356378	5.45173451419
yWithMorphologySequentialStreamDropoutDev_BaselineLanguage_Fast_SaveLast_NoFinePOS.py	Slovak	Slovak	RANDOM_BY_TYPE	8	0.00110048635365	1.62756504768	4356378	5.45173451419
yWithMorphologySequentialStreamDropoutDev_BaselineLanguage_Fast_SaveLast_NoFinePOS.py	Slovak	Slovak	RANDOM_BY_TYPE	9	0	1.62756504768	4356378	5.45173451419
yWithMorphologySequentialStreamDropoutDev_BaselineLanguage_Fast_SaveLast_NoFinePOS.py	Slovak	Slovak	RANDOM_BY_TYPE	10	0.00172009317026	1.62756504768	4356378	5.45173451419
yWithMorphologySequentialStreamDropoutDev_BaselineLanguage_Fast_SaveLast_NoFinePOS.py	Slovak	Slovak	RANDOM_BY_TYPE	11	0.00185448572244	1.62756504768	4356378	5.45173451419
yWithMorphologySequentialStreamDropoutDev_BaselineLanguage_Fast_SaveLast_NoFinePOS.py	Slovak	Slovak	RANDOM_BY_TYPE	12	0.000873637403528	1.62756504768	4356378	5.45173451419
yWithMorphologySequentialStreamDropoutDev_BaselineLanguage_Fast_SaveLast_NoFinePOS.py	Slovak	Slovak	RANDOM_BY_TYPE	13	0.0012540802972	1.62756504768	4356378	5.45173451419
yWithMorphologySequentialStreamDropoutDev_BaselineLanguage_Fast_SaveLast_NoFinePOS.py	Slovak	Slovak	RANDOM_BY_TYPE	14	0	1.62756504768	4356378	5.45173451419
yWithMorphologySequentialStreamDropoutDev_BaselineLanguage_Fast_SaveLast_NoFinePOS.py	Slovak	Slovak	RANDOM_BY_TYPE	15	0.000565785332902	1.62756504768	4356378	5.45173451419
yWithMorphologySequentialStreamDropoutDev_BaselineLanguage_Fast_SaveLast_NoFinePOS.py	Slovak	Slovak	RANDOM_BY_TYPE	16	0	1.62756504768	4356378	5.45173451419
yWithMorphologySequentialStreamDropoutDev_BaselineLanguage_Fast_SaveLast_NoFinePOS.py	Slovak	Slovak	RANDOM_BY_TYPE	17	0	1.62756504768	4356378	5.45173451419
yWithMorphologySequentialStreamDropoutDev_BaselineLanguage_Fast_SaveLast_NoFinePOS.py	Slovak	Slovak	RANDOM_BY_TYPE	18	0	1.62756504768	4356378	5.45173451419
yWithMorphologySequentialStreamDropoutDev_BaselineLanguage_Fast_SaveLast_NoFinePOS.py	Slovak	Slovak	RANDOM_BY_TYPE	19	0.000419157620979	1.62756504768	4356378	5.45173451419
yWithMorphologySequentialStreamDropoutDev_BaselineLanguage_Fast_SaveLast_NoFinePOS.py	Slovak	Slovak	RANDOM_BY_TYPE	1	1.12588424625	1.48800390775	2651526	5.47442332498
yWithMorphologySequentialStreamDropoutDev_BaselineLanguage_Fast_SaveLast_NoFinePOS.py	Slovak	Slovak	RANDOM_BY_TYPE	2	0.188557172638	1.48800390775	2651526	5.47442332498
yWithMorphologySequentialStreamDropoutDev_BaselineLanguage_Fast_SaveLast_NoFinePOS.py	Slovak	Slovak	RANDOM_BY_TYPE	3	0.0700705684619	1.48800390775	2651526	5.47442332498
yWithMorphologySequentialStreamDropoutDev_BaselineLanguage_Fast_SaveLast_NoFinePOS.py	Slovak	Slovak	RANDOM_BY_TYPE	4	0.0415466278383	1.48800390775	2651526	5.47442332498
yWithMorphologySequentialStreamDropoutDev_BaselineLanguage_Fast_SaveLast_NoFinePOS.py	Slovak	Slovak	RANDOM_BY_TYPE	5	0.0237551631176	1.48800390775	2651526	5.47442332498
yWithMorphologySequentialStreamDropoutDev_BaselineLanguage_Fast_SaveLast_NoFinePOS.py	Slovak	Slovak	RANDOM_BY_TYPE	6	0.0128942556169	1.48800390775	2651526	5.47442332498
yWithMorphologySequentialStreamDropoutDev_BaselineLanguage_Fast_SaveLast_NoFinePOS.py	Slovak	Slovak	RANDOM_BY_TYPE	7	0.00867075119933	1.48800390775	2651526	5.47442332498
yWithMorphologySequentialStreamDropoutDev_BaselineLanguage_Fast_SaveLast_NoFinePOS.py	Slovak	Slovak	RANDOM_BY_TYPE	8	0.00558699630711	1.48800390775	2651526	5.47442332498
yWithMorphologySequentialStreamDropoutDev_BaselineLanguage_Fast_SaveLast_NoFinePOS.py	Slovak	Slovak	RANDOM_BY_TYPE	9	0.00344692893224	1.48800390775	2651526	5.47442332498
yWithMorphologySequentialStreamDropoutDev_BaselineLanguage_Fast_SaveLast_NoFinePOS.py	Slovak	Slovak	RANDOM_BY_TYPE	10	0.00324135520687	1.48800390775	2651526	5.47442332498
yWithMorphologySequentialStreamDropoutDev_BaselineLanguage_Fast_SaveLast_NoFinePOS.py	Slovak	Slovak	RANDOM_BY_TYPE	11	0.00147899315782	1.48800390775	2651526	5.47442332498
yWithMorphologySequentialStreamDropoutDev_BaselineLanguage_Fast_SaveLast_NoFinePOS.py	Slovak	Slovak	RANDOM_BY_TYPE	12	0.00177898145702	1.48800390775	2651526	5.47442332498
yWithMorphologySequentialStreamDropoutDev_BaselineLanguage_Fast_SaveLast_NoFinePOS.py	Slovak	Slovak	RANDOM_BY_TYPE	13	0.000463674043956	1.48800390775	2651526	5.47442332498
yWithMorphologySequentialStreamDropoutDev_BaselineLanguage_Fast_SaveLast_NoFinePOS.py	Slovak	Slovak	RANDOM_BY_TYPE	14	0.000930610993137	1.48800390775	2651526	5.47442332498
yWithMorphologySequentialStreamDropoutDev_BaselineLanguage_Fast_SaveLast_NoFinePOS.py	Slovak	Slovak	RANDOM_BY_TYPE	15	0.000334144618413	1.48800390775	2651526	5.47442332498
yWithMorphologySequentialStreamDropoutDev_BaselineLanguage_Fast_SaveLast_NoFinePOS.py	Slovak	Slovak	RANDOM_BY_TYPE	16	0	1.48800390775	2651526	5.47442332498
yWithMorphologySequentialStreamDropoutDev_BaselineLanguage_Fast_SaveLast_NoFinePOS.py	Slovak	Slovak	RANDOM_BY_TYPE	17	0.00016085885159	1.48800390775	2651526	5.47442332498
yWithMorphologySequentialStreamDropoutDev_BaselineLanguage_Fast_SaveLast_NoFinePOS.py	Slovak	Slovak	RANDOM_BY_TYPE	18	0	1.48800390775	2651526	5.47442332498
yWithMorphologySequentialStreamDropoutDev_BaselineLanguage_Fast_SaveLast_NoFinePOS.py	Slovak	Slovak	RANDOM_BY_TYPE	19	0.000128660626607	1.48800390775	2651526	5.47442332498
yWithMorphologySequentialStreamDropoutDev_BaselineLanguage_Fast_SaveLast_NoFinePOS.py	Slovak	Slovak	RANDOM_BY_TYPE	1	1.3150855253	1.58467916311	3403164	5.50386390065
yWithMorphologySequentialStreamDropoutDev_BaselineLanguage_Fast_SaveLast_NoFinePOS.py	Slovak	Slovak	RANDOM_BY_TYPE	2	0.170136875445	1.58467916311	3403164	5.50386390065
yWithMorphologySequentialStreamDropoutDev_BaselineLanguage_Fast_SaveLast_NoFinePOS.py	Slovak	Slovak	RANDOM_BY_TYPE	3	0.0523464095103	1.58467916311	3403164	5.50386390065
yWithMorphologySequentialStreamDropoutDev_BaselineLanguage_Fast_SaveLast_NoFinePOS.py	Slovak	Slovak	RANDOM_BY_TYPE	4	0.0186404669938	1.58467916311	3403164	5.50386390065
yWithMorphologySequentialStreamDropoutDev_BaselineLanguage_Fast_SaveLast_NoFinePOS.py	Slovak	Slovak	RANDOM_BY_TYPE	5	0.00975486374881	1.58467916311	3403164	5.50386390065
yWithMorphologySequentialStreamDropoutDev_BaselineLanguage_Fast_SaveLast_NoFinePOS.py	Slovak	Slovak	RANDOM_BY_TYPE	6	0.0071279812349	1.58467916311	3403164	5.50386390065
yWithMorphologySequentialStreamDropoutDev_BaselineLanguage_Fast_SaveLast_NoFinePOS.py	Slovak	Slovak	RANDOM_BY_TYPE	7	0.00271866621628	1.58467916311	3403164	5.50386390065
yWithMorphologySequentialStreamDropoutDev_BaselineLanguage_Fast_SaveLast_NoFinePOS.py	Slovak	Slovak	RANDOM_BY_TYPE	8	0.00446456291088	1.58467916311	3403164	5.50386390065
yWithMorphologySequentialStreamDropoutDev_BaselineLanguage_Fast_SaveLast_NoFinePOS.py	Slovak	Slovak	RANDOM_BY_TYPE	9	0.00100680934648	1.58467916311	3403164	5.50386390065
yWithMorphologySequentialStreamDropoutDev_BaselineLanguage_Fast_SaveLast_NoFinePOS.py	Slovak	Slovak	RANDOM_BY_TYPE	10	0.00191930610023	1.58467916311	3403164	5.50386390065
yWithMorphologySequentialStreamDropoutDev_BaselineLanguage_Fast_SaveLast_NoFinePOS.py	Slovak	Slovak	RANDOM_BY_TYPE	11	1.34308860726e-05	1.58467916311	3403164	5.50386390065
yWithMorphologySequentialStreamDropoutDev_BaselineLanguage_Fast_SaveLast_NoFinePOS.py	Slovak	Slovak	RANDOM_BY_TYPE	12	0	1.58467916311	3403164	5.50386390065
yWithMorphologySequentialStreamDropoutDev_BaselineLanguage_Fast_SaveLast_NoFinePOS.py	Slovak	Slovak	RANDOM_BY_TYPE	13	0.00043281306551	1.58467916311	3403164	5.50386390065
yWithMorphologySequentialStreamDropoutDev_BaselineLanguage_Fast_SaveLast_NoFinePOS.py	Slovak	Slovak	RANDOM_BY_TYPE	14	0.000655781304183	1.58467916311	3403164	5.50386390065
yWithMorphologySequentialStreamDropoutDev_BaselineLanguage_Fast_SaveLast_NoFinePOS.py	Slovak	Slovak	RANDOM_BY_TYPE	15	0.000388511811217	1.58467916311	3403164	5.50386390065
yWithMorphologySequentialStreamDropoutDev_BaselineLanguage_Fast_SaveLast_NoFinePOS.py	Slovak	Slovak	RANDOM_BY_TYPE	16	0.000152587319074	1.58467916311	3403164	5.50386390065
yWithMorphologySequentialStreamDropoutDev_BaselineLanguage_Fast_SaveLast_NoFinePOS.py	Slovak	Slovak	RANDOM_BY_TYPE	17	0	1.58467916311	3403164	5.50386390065
yWithMorphologySequentialStreamDropoutDev_BaselineLanguage_Fast_SaveLast_NoFinePOS.py	Slovak	Slovak	RANDOM_BY_TYPE	18	3.8087694612e-05	1.58467916311	3403164	5.50386390065
yWithMorphologySequentialStreamDropoutDev_BaselineLanguage_Fast_SaveLast_NoFinePOS.py	Slovak	Slovak	RANDOM_BY_TYPE	19	0.000216478640086	1.58467916311	3403164	5.50386390065
yWithMorphologySequentialStreamDropoutDev_BaselineLanguage_Fast_SaveLast_NoFinePOS.py	Slovak	Slovak	RANDOM_BY_TYPE	1	1.17742598551	1.4861331963	8871214	5.44590919904
yWithMorphologySequentialStreamDropoutDev_BaselineLanguage_Fast_SaveLast_NoFinePOS.py	Slovak	Slovak	RANDOM_BY_TYPE	2	0.167120926735	1.4861331963	8871214	5.44590919904
yWithMorphologySequentialStreamDropoutDev_BaselineLanguage_Fast_SaveLast_NoFinePOS.py	Slovak	Slovak	RANDOM_BY_TYPE	3	0.0569876281366	1.4861331963	8871214	5.44590919904
yWithMorphologySequentialStreamDropoutDev_BaselineLanguage_Fast_SaveLast_NoFinePOS.py	Slovak	Slovak	RANDOM_BY_TYPE	4	0.031324450937	1.4861331963	8871214	5.44590919904
yWithMorphologySequentialStreamDropoutDev_BaselineLanguage_Fast_SaveLast_NoFinePOS.py	Slovak	Slovak	RANDOM_BY_TYPE	5	0.016150756017	1.4861331963	8871214	5.44590919904
yWithMorphologySequentialStreamDropoutDev_BaselineLanguage_Fast_SaveLast_NoFinePOS.py	Slovak	Slovak	RANDOM_BY_TYPE	6	0.00724288278247	1.4861331963	8871214	5.44590919904
yWithMorphologySequentialStreamDropoutDev_BaselineLanguage_Fast_SaveLast_NoFinePOS.py	Slovak	Slovak	RANDOM_BY_TYPE	7	0.00815554953193	1.4861331963	8871214	5.44590919904
yWithMorphologySequentialStreamDropoutDev_BaselineLanguage_Fast_SaveLast_NoFinePOS.py	Slovak	Slovak	RANDOM_BY_TYPE	8	0.00651167992451	1.4861331963	8871214	5.44590919904
yWithMorphologySequentialStreamDropoutDev_BaselineLanguage_Fast_SaveLast_NoFinePOS.py	Slovak	Slovak	RANDOM_BY_TYPE	9	0.00306967170271	1.4861331963	8871214	5.44590919904
yWithMorphologySequentialStreamDropoutDev_BaselineLanguage_Fast_SaveLast_NoFinePOS.py	Slovak	Slovak	RANDOM_BY_TYPE	10	0.00478753139303	1.4861331963	8871214	5.44590919904
yWithMorphologySequentialStreamDropoutDev_BaselineLanguage_Fast_SaveLast_NoFinePOS.py	Slovak	Slovak	RANDOM_BY_TYPE	11	0.0025500900329	1.4861331963	8871214	5.44590919904
yWithMorphologySequentialStreamDropoutDev_BaselineLanguage_Fast_SaveLast_NoFinePOS.py	Slovak	Slovak	RANDOM_BY_TYPE	12	0.00160637183549	1.4861331963	8871214	5.44590919904
yWithMorphologySequentialStreamDropoutDev_BaselineLanguage_Fast_SaveLast_NoFinePOS.py	Slovak	Slovak	RANDOM_BY_TYPE	13	0.00113786463052	1.4861331963	8871214	5.44590919904
yWithMorphologySequentialStreamDropoutDev_BaselineLanguage_Fast_SaveLast_NoFinePOS.py	Slovak	Slovak	RANDOM_BY_TYPE	14	0.000780495143916	1.4861331963	8871214	5.44590919904
yWithMorphologySequentialStreamDropoutDev_BaselineLanguage_Fast_SaveLast_NoFinePOS.py	Slovak	Slovak	RANDOM_BY_TYPE	15	0	1.4861331963	8871214	5.44590919904
yWithMorphologySequentialStreamDropoutDev_BaselineLanguage_Fast_SaveLast_NoFinePOS.py	Slovak	Slovak	RANDOM_BY_TYPE	16	0.000295591068594	1.4861331963	8871214	5.44590919904
yWithMorphologySequentialStreamDropoutDev_BaselineLanguage_Fast_SaveLast_NoFinePOS.py	Slovak	Slovak	RANDOM_BY_TYPE	17	0.000784839403956	1.4861331963	8871214	5.44590919904
yWithMorphologySequentialStreamDropoutDev_BaselineLanguage_Fast_SaveLast_NoFinePOS.py	Slovak	Slovak	RANDOM_BY_TYPE	18	0.000198649808969	1.4861331963	8871214	5.44590919904
yWithMorphologySequentialStreamDropoutDev_BaselineLanguage_Fast_SaveLast_NoFinePOS.py	Slovak	Slovak	RANDOM_BY_TYPE	19	0.000179895023777	1.4861331963	8871214	5.44590919904
yWithMorphologySequentialStreamDropoutDev_BaselineLanguage_Fast_SaveLast_NoFinePOS.py	Slovak	Slovak	RANDOM_BY_TYPE	1	1.31354511735	1.63976234116	9750616	5.48641227753
yWithMorphologySequentialStreamDropoutDev_BaselineLanguage_Fast_SaveLast_NoFinePOS.py	Slovak	Slovak	RANDOM_BY_TYPE	2	0.223597834861	1.63976234116	9750616	5.48641227753
yWithMorphologySequentialStreamDropoutDev_BaselineLanguage_Fast_SaveLast_NoFinePOS.py	Slovak	Slovak	RANDOM_BY_TYPE	3	0.0539959456006	1.63976234116	9750616	5.48641227753
yWithMorphologySequentialStreamDropoutDev_BaselineLanguage_Fast_SaveLast_NoFinePOS.py	Slovak	Slovak	RANDOM_BY_TYPE	4	0.0163350227761	1.63976234116	9750616	5.48641227753
yWithMorphologySequentialStreamDropoutDev_BaselineLanguage_Fast_SaveLast_NoFinePOS.py	Slovak	Slovak	RANDOM_BY_TYPE	5	0.0081715352323	1.63976234116	9750616	5.48641227753
yWithMorphologySequentialStreamDropoutDev_BaselineLanguage_Fast_SaveLast_NoFinePOS.py	Slovak	Slovak	RANDOM_BY_TYPE	6	0.0064814170746	1.63976234116	9750616	5.48641227753
yWithMorphologySequentialStreamDropoutDev_BaselineLanguage_Fast_SaveLast_NoFinePOS.py	Slovak	Slovak	RANDOM_BY_TYPE	7	0.00657965549051	1.63976234116	9750616	5.48641227753
yWithMorphologySequentialStreamDropoutDev_BaselineLanguage_Fast_SaveLast_NoFinePOS.py	Slovak	Slovak	RANDOM_BY_TYPE	8	0.00212340240609	1.63976234116	9750616	5.48641227753
yWithMorphologySequentialStreamDropoutDev_BaselineLanguage_Fast_SaveLast_NoFinePOS.py	Slovak	Slovak	RANDOM_BY_TYPE	9	0.00300483266785	1.63976234116	9750616	5.48641227753
yWithMorphologySequentialStreamDropoutDev_BaselineLanguage_Fast_SaveLast_NoFinePOS.py	Slovak	Slovak	RANDOM_BY_TYPE	10	0.0017033013579	1.63976234116	9750616	5.48641227753
yWithMorphologySequentialStreamDropoutDev_BaselineLanguage_Fast_SaveLast_NoFinePOS.py	Slovak	Slovak	RANDOM_BY_TYPE	11	0.0012467829332	1.63976234116	9750616	5.48641227753
yWithMorphologySequentialStreamDropoutDev_BaselineLanguage_Fast_SaveLast_NoFinePOS.py	Slovak	Slovak	RANDOM_BY_TYPE	12	0.000516609867959	1.63976234116	9750616	5.48641227753
yWithMorphologySequentialStreamDropoutDev_BaselineLanguage_Fast_SaveLast_NoFinePOS.py	Slovak	Slovak	RANDOM_BY_TYPE	13	5.59493286967e-05	1.63976234116	9750616	5.48641227753
yWithMorphologySequentialStreamDropoutDev_BaselineLanguage_Fast_SaveLast_NoFinePOS.py	Slovak	Slovak	RANDOM_BY_TYPE	14	0.000274779494495	1.63976234116	9750616	5.48641227753
yWithMorphologySequentialStreamDropoutDev_BaselineLanguage_Fast_SaveLast_NoFinePOS.py	Slovak	Slovak	RANDOM_BY_TYPE	15	0.00050085480899	1.63976234116	9750616	5.48641227753
yWithMorphologySequentialStreamDropoutDev_BaselineLanguage_Fast_SaveLast_NoFinePOS.py	Slovak	Slovak	RANDOM_BY_TYPE	16	0.000471966560573	1.63976234116	9750616	5.48641227753
yWithMorphologySequentialStreamDropoutDev_BaselineLanguage_Fast_SaveLast_NoFinePOS.py	Slovak	Slovak	RANDOM_BY_TYPE	17	0.000957158861095	1.63976234116	9750616	5.48641227753
yWithMorphologySequentialStreamDropoutDev_BaselineLanguage_Fast_SaveLast_NoFinePOS.py	Slovak	Slovak	RANDOM_BY_TYPE	18	0	1.63976234116	9750616	5.48641227753
yWithMorphologySequentialStreamDropoutDev_BaselineLanguage_Fast_SaveLast_NoFinePOS.py	Slovak	Slovak	RANDOM_BY_TYPE	19	0.000339102091855	1.63976234116	9750616	5.48641227753
yWithMorphologySequentialStreamDropoutDev_BaselineLanguage_Fast_SaveLast_NoFinePOS.py	Slovak	Slovak	RANDOM_BY_TYPE	1	1.33898406653	1.64565457559	4661726	5.50375518709
yWithMorphologySequentialStreamDropoutDev_BaselineLanguage_Fast_SaveLast_NoFinePOS.py	Slovak	Slovak	RANDOM_BY_TYPE	2	0.195685759146	1.64565457559	4661726	5.50375518709
yWithMorphologySequentialStreamDropoutDev_BaselineLanguage_Fast_SaveLast_NoFinePOS.py	Slovak	Slovak	RANDOM_BY_TYPE	3	0.0531266650517	1.64565457559	4661726	5.50375518709
yWithMorphologySequentialStreamDropoutDev_BaselineLanguage_Fast_SaveLast_NoFinePOS.py	Slovak	Slovak	RANDOM_BY_TYPE	4	0.0151173841055	1.64565457559	4661726	5.50375518709
yWithMorphologySequentialStreamDropoutDev_BaselineLanguage_Fast_SaveLast_NoFinePOS.py	Slovak	Slovak	RANDOM_BY_TYPE	5	0.0128163209925	1.64565457559	4661726	5.50375518709
yWithMorphologySequentialStreamDropoutDev_BaselineLanguage_Fast_SaveLast_NoFinePOS.py	Slovak	Slovak	RANDOM_BY_TYPE	6	0.0113403295001	1.64565457559	4661726	5.50375518709
yWithMorphologySequentialStreamDropoutDev_BaselineLanguage_Fast_SaveLast_NoFinePOS.py	Slovak	Slovak	RANDOM_BY_TYPE	7	0.0081616958935	1.64565457559	4661726	5.50375518709
yWithMorphologySequentialStreamDropoutDev_BaselineLanguage_Fast_SaveLast_NoFinePOS.py	Slovak	Slovak	RANDOM_BY_TYPE	8	0.0018514462938	1.64565457559	4661726	5.50375518709
yWithMorphologySequentialStreamDropoutDev_BaselineLanguage_Fast_SaveLast_NoFinePOS.py	Slovak	Slovak	RANDOM_BY_TYPE	9	0.0013032410651	1.64565457559	4661726	5.50375518709
yWithMorphologySequentialStreamDropoutDev_BaselineLanguage_Fast_SaveLast_NoFinePOS.py	Slovak	Slovak	RANDOM_BY_TYPE	10	0.00189453971713	1.64565457559	4661726	5.50375518709
yWithMorphologySequentialStreamDropoutDev_BaselineLanguage_Fast_SaveLast_NoFinePOS.py	Slovak	Slovak	RANDOM_BY_TYPE	11	0.00203835707005	1.64565457559	4661726	5.50375518709
yWithMorphologySequentialStreamDropoutDev_BaselineLanguage_Fast_SaveLast_NoFinePOS.py	Slovak	Slovak	RANDOM_BY_TYPE	12	0.000805544363309	1.64565457559	4661726	5.50375518709
yWithMorphologySequentialStreamDropoutDev_BaselineLanguage_Fast_SaveLast_NoFinePOS.py	Slovak	Slovak	RANDOM_BY_TYPE	13	0.000743053057422	1.64565457559	4661726	5.50375518709
yWithMorphologySequentialStreamDropoutDev_BaselineLanguage_Fast_SaveLast_NoFinePOS.py	Slovak	Slovak	RANDOM_BY_TYPE	14	0.000361994235483	1.64565457559	4661726	5.50375518709
yWithMorphologySequentialStreamDropoutDev_BaselineLanguage_Fast_SaveLast_NoFinePOS.py	Slovak	Slovak	RANDOM_BY_TYPE	15	0.00115473127528	1.64565457559	4661726	5.50375518709
yWithMorphologySequentialStreamDropoutDev_BaselineLanguage_Fast_SaveLast_NoFinePOS.py	Slovak	Slovak	RANDOM_BY_TYPE	16	0	1.64565457559	4661726	5.50375518709
yWithMorphologySequentialStreamDropoutDev_BaselineLanguage_Fast_SaveLast_NoFinePOS.py	Slovak	Slovak	RANDOM_BY_TYPE	17	0	1.64565457559	4661726	5.50375518709
yWithMorphologySequentialStreamDropoutDev_BaselineLanguage_Fast_SaveLast_NoFinePOS.py	Slovak	Slovak	RANDOM_BY_TYPE	18	0.000568355150419	1.64565457559	4661726	5.50375518709
yWithMorphologySequentialStreamDropoutDev_BaselineLanguage_Fast_SaveLast_NoFinePOS.py	Slovak	Slovak	RANDOM_BY_TYPE	19	0.000189528399951	1.64565457559	4661726	5.50375518709
yWithMorphologySequentialStreamDropoutDev_BaselineLanguage_Fast_SaveLast_NoFinePOS.py	Slovak	Slovak	RANDOM_BY_TYPE	1	1.33369600634	1.59924653466	4756769	5.50274763385
yWithMorphologySequentialStreamDropoutDev_BaselineLanguage_Fast_SaveLast_NoFinePOS.py	Slovak	Slovak	RANDOM_BY_TYPE	2	0.162325301807	1.59924653466	4756769	5.50274763385
yWithMorphologySequentialStreamDropoutDev_BaselineLanguage_Fast_SaveLast_NoFinePOS.py	Slovak	Slovak	RANDOM_BY_TYPE	3	0.0410584048049	1.59924653466	4756769	5.50274763385
yWithMorphologySequentialStreamDropoutDev_BaselineLanguage_Fast_SaveLast_NoFinePOS.py	Slovak	Slovak	RANDOM_BY_TYPE	4	0.0178372348416	1.59924653466	4756769	5.50274763385
yWithMorphologySequentialStreamDropoutDev_BaselineLanguage_Fast_SaveLast_NoFinePOS.py	Slovak	Slovak	RANDOM_BY_TYPE	5	0.0126157712038	1.59924653466	4756769	5.50274763385
yWithMorphologySequentialStreamDropoutDev_BaselineLanguage_Fast_SaveLast_NoFinePOS.py	Slovak	Slovak	RANDOM_BY_TYPE	6	0.00839104554425	1.59924653466	4756769	5.50274763385
yWithMorphologySequentialStreamDropoutDev_BaselineLanguage_Fast_SaveLast_NoFinePOS.py	Slovak	Slovak	RANDOM_BY_TYPE	7	0.00465382856049	1.59924653466	4756769	5.50274763385
yWithMorphologySequentialStreamDropoutDev_BaselineLanguage_Fast_SaveLast_NoFinePOS.py	Slovak	Slovak	RANDOM_BY_TYPE	8	0.00454478512888	1.59924653466	4756769	5.50274763385
yWithMorphologySequentialStreamDropoutDev_BaselineLanguage_Fast_SaveLast_NoFinePOS.py	Slovak	Slovak	RANDOM_BY_TYPE	9	0.00370712717102	1.59924653466	4756769	5.50274763385
yWithMorphologySequentialStreamDropoutDev_BaselineLanguage_Fast_SaveLast_NoFinePOS.py	Slovak	Slovak	RANDOM_BY_TYPE	10	0.0026703457718	1.59924653466	4756769	5.50274763385
yWithMorphologySequentialStreamDropoutDev_BaselineLanguage_Fast_SaveLast_NoFinePOS.py	Slovak	Slovak	RANDOM_BY_TYPE	11	0.00245934234907	1.59924653466	4756769	5.50274763385
yWithMorphologySequentialStreamDropoutDev_BaselineLanguage_Fast_SaveLast_NoFinePOS.py	Slovak	Slovak	RANDOM_BY_TYPE	12	0.00186932315565	1.59924653466	4756769	5.50274763385
yWithMorphologySequentialStreamDropoutDev_BaselineLanguage_Fast_SaveLast_NoFinePOS.py	Slovak	Slovak	RANDOM_BY_TYPE	13	0.00121742254251	1.59924653466	4756769	5.50274763385
yWithMorphologySequentialStreamDropoutDev_BaselineLanguage_Fast_SaveLast_NoFinePOS.py	Slovak	Slovak	RANDOM_BY_TYPE	14	0.0008416777196	1.59924653466	4756769	5.50274763385
yWithMorphologySequentialStreamDropoutDev_BaselineLanguage_Fast_SaveLast_NoFinePOS.py	Slovak	Slovak	RANDOM_BY_TYPE	15	0.000554519075237	1.59924653466	4756769	5.50274763385
yWithMorphologySequentialStreamDropoutDev_BaselineLanguage_Fast_SaveLast_NoFinePOS.py	Slovak	Slovak	RANDOM_BY_TYPE	16	0.000206045908471	1.59924653466	4756769	5.50274763385
yWithMorphologySequentialStreamDropoutDev_BaselineLanguage_Fast_SaveLast_NoFinePOS.py	Slovak	Slovak	RANDOM_BY_TYPE	17	0.00044172153081	1.59924653466	4756769	5.50274763385
yWithMorphologySequentialStreamDropoutDev_BaselineLanguage_Fast_SaveLast_NoFinePOS.py	Slovak	Slovak	RANDOM_BY_TYPE	18	0.000202886943948	1.59924653466	4756769	5.50274763385
yWithMorphologySequentialStreamDropoutDev_BaselineLanguage_Fast_SaveLast_NoFinePOS.py	Slovak	Slovak	RANDOM_BY_TYPE	19	0	1.59924653466	4756769	5.50274763385
yWithMorphologySequentialStreamDropoutDev_BaselineLanguage_Fast_SaveLast_NoFinePOS.py	Slovak	Slovak	RANDOM_BY_TYPE	1	1.16846328659	1.52414076365	859559	5.48563862255
yWithMorphologySequentialStreamDropoutDev_BaselineLanguage_Fast_SaveLast_NoFinePOS.py	Slovak	Slovak	RANDOM_BY_TYPE	2	0.221078024743	1.52414076365	859559	5.48563862255
yWithMorphologySequentialStreamDropoutDev_BaselineLanguage_Fast_SaveLast_NoFinePOS.py	Slovak	Slovak	RANDOM_BY_TYPE	3	0.0634160387189	1.52414076365	859559	5.48563862255
yWithMorphologySequentialStreamDropoutDev_BaselineLanguage_Fast_SaveLast_NoFinePOS.py	Slovak	Slovak	RANDOM_BY_TYPE	4	0.0264011033186	1.52414076365	859559	5.48563862255
yWithMorphologySequentialStreamDropoutDev_BaselineLanguage_Fast_SaveLast_NoFinePOS.py	Slovak	Slovak	RANDOM_BY_TYPE	5	0.0170185602283	1.52414076365	859559	5.48563862255
yWithMorphologySequentialStreamDropoutDev_BaselineLanguage_Fast_SaveLast_NoFinePOS.py	Slovak	Slovak	RANDOM_BY_TYPE	6	0.0100569441302	1.52414076365	859559	5.48563862255
yWithMorphologySequentialStreamDropoutDev_BaselineLanguage_Fast_SaveLast_NoFinePOS.py	Slovak	Slovak	RANDOM_BY_TYPE	7	0.00685813051381	1.52414076365	859559	5.48563862255
yWithMorphologySequentialStreamDropoutDev_BaselineLanguage_Fast_SaveLast_NoFinePOS.py	Slovak	Slovak	RANDOM_BY_TYPE	8	0.00122849949419	1.52414076365	859559	5.48563862255
yWithMorphologySequentialStreamDropoutDev_BaselineLanguage_Fast_SaveLast_NoFinePOS.py	Slovak	Slovak	RANDOM_BY_TYPE	9	0.00245897671948	1.52414076365	859559	5.48563862255
yWithMorphologySequentialStreamDropoutDev_BaselineLanguage_Fast_SaveLast_NoFinePOS.py	Slovak	Slovak	RANDOM_BY_TYPE	10	0.00140328566505	1.52414076365	859559	5.48563862255
yWithMorphologySequentialStreamDropoutDev_BaselineLanguage_Fast_SaveLast_NoFinePOS.py	Slovak	Slovak	RANDOM_BY_TYPE	11	0.00215954037562	1.52414076365	859559	5.48563862255
yWithMorphologySequentialStreamDropoutDev_BaselineLanguage_Fast_SaveLast_NoFinePOS.py	Slovak	Slovak	RANDOM_BY_TYPE	12	0.000615256371563	1.52414076365	859559	5.48563862255
yWithMorphologySequentialStreamDropoutDev_BaselineLanguage_Fast_SaveLast_NoFinePOS.py	Slovak	Slovak	RANDOM_BY_TYPE	13	0.000567523910575	1.52414076365	859559	5.48563862255
yWithMorphologySequentialStreamDropoutDev_BaselineLanguage_Fast_SaveLast_NoFinePOS.py	Slovak	Slovak	RANDOM_BY_TYPE	14	0.000950303428794	1.52414076365	859559	5.48563862255
yWithMorphologySequentialStreamDropoutDev_BaselineLanguage_Fast_SaveLast_NoFinePOS.py	Slovak	Slovak	RANDOM_BY_TYPE	15	0.000318254305892	1.52414076365	859559	5.48563862255
yWithMorphologySequentialStreamDropoutDev_BaselineLanguage_Fast_SaveLast_NoFinePOS.py	Slovak	Slovak	RANDOM_BY_TYPE	16	0.000432336085463	1.52414076365	859559	5.48563862255
yWithMorphologySequentialStreamDropoutDev_BaselineLanguage_Fast_SaveLast_NoFinePOS.py	Slovak	Slovak	RANDOM_BY_TYPE	17	0.000382899748136	1.52414076365	859559	5.48563862255
yWithMorphologySequentialStreamDropoutDev_BaselineLanguage_Fast_SaveLast_NoFinePOS.py	Slovak	Slovak	RANDOM_BY_TYPE	18	0.000334276769259	1.52414076365	859559	5.48563862255
yWithMorphologySequentialStreamDropoutDev_BaselineLanguage_Fast_SaveLast_NoFinePOS.py	Slovak	Slovak	RANDOM_BY_TYPE	19	0	1.52414076365	859559	5.48563862255
yWithMorphologySequentialStreamDropoutDev_BaselineLanguage_Fast_SaveLast_NoFinePOS.py	Slovak	Slovak	RANDOM_BY_TYPE	1	1.25333436323	1.52395877348	7614845	5.46657043544
yWithMorphologySequentialStreamDropoutDev_BaselineLanguage_Fast_SaveLast_NoFinePOS.py	Slovak	Slovak	RANDOM_BY_TYPE	2	0.141007723588	1.52395877348	7614845	5.46657043544
yWithMorphologySequentialStreamDropoutDev_BaselineLanguage_Fast_SaveLast_NoFinePOS.py	Slovak	Slovak	RANDOM_BY_TYPE	3	0.0632422399031	1.52395877348	7614845	5.46657043544
yWithMorphologySequentialStreamDropoutDev_BaselineLanguage_Fast_SaveLast_NoFinePOS.py	Slovak	Slovak	RANDOM_BY_TYPE	4	0.0297077945855	1.52395877348	7614845	5.46657043544
yWithMorphologySequentialStreamDropoutDev_BaselineLanguage_Fast_SaveLast_NoFinePOS.py	Slovak	Slovak	RANDOM_BY_TYPE	5	0.0175117785188	1.52395877348	7614845	5.46657043544
yWithMorphologySequentialStreamDropoutDev_BaselineLanguage_Fast_SaveLast_NoFinePOS.py	Slovak	Slovak	RANDOM_BY_TYPE	6	0.00384632649079	1.52395877348	7614845	5.46657043544
yWithMorphologySequentialStreamDropoutDev_BaselineLanguage_Fast_SaveLast_NoFinePOS.py	Slovak	Slovak	RANDOM_BY_TYPE	7	0.00174786736296	1.52395877348	7614845	5.46657043544
yWithMorphologySequentialStreamDropoutDev_BaselineLanguage_Fast_SaveLast_NoFinePOS.py	Slovak	Slovak	RANDOM_BY_TYPE	8	0.00508084946299	1.52395877348	7614845	5.46657043544
yWithMorphologySequentialStreamDropoutDev_BaselineLanguage_Fast_SaveLast_NoFinePOS.py	Slovak	Slovak	RANDOM_BY_TYPE	9	0.00137979026935	1.52395877348	7614845	5.46657043544
yWithMorphologySequentialStreamDropoutDev_BaselineLanguage_Fast_SaveLast_NoFinePOS.py	Slovak	Slovak	RANDOM_BY_TYPE	10	0.00150111834072	1.52395877348	7614845	5.46657043544
yWithMorphologySequentialStreamDropoutDev_BaselineLanguage_Fast_SaveLast_NoFinePOS.py	Slovak	Slovak	RANDOM_BY_TYPE	11	0.00135695417858	1.52395877348	7614845	5.46657043544
yWithMorphologySequentialStreamDropoutDev_BaselineLanguage_Fast_SaveLast_NoFinePOS.py	Slovak	Slovak	RANDOM_BY_TYPE	12	0.00137154743688	1.52395877348	7614845	5.46657043544
yWithMorphologySequentialStreamDropoutDev_BaselineLanguage_Fast_SaveLast_NoFinePOS.py	Slovak	Slovak	RANDOM_BY_TYPE	13	0.00195343220887	1.52395877348	7614845	5.46657043544
yWithMorphologySequentialStreamDropoutDev_BaselineLanguage_Fast_SaveLast_NoFinePOS.py	Slovak	Slovak	RANDOM_BY_TYPE	14	0	1.52395877348	7614845	5.46657043544
yWithMorphologySequentialStreamDropoutDev_BaselineLanguage_Fast_SaveLast_NoFinePOS.py	Slovak	Slovak	RANDOM_BY_TYPE	15	0.000494681890697	1.52395877348	7614845	5.46657043544
yWithMorphologySequentialStreamDropoutDev_BaselineLanguage_Fast_SaveLast_NoFinePOS.py	Slovak	Slovak	RANDOM_BY_TYPE	16	0.000287798394079	1.52395877348	7614845	5.46657043544
yWithMorphologySequentialStreamDropoutDev_BaselineLanguage_Fast_SaveLast_NoFinePOS.py	Slovak	Slovak	RANDOM_BY_TYPE	17	4.7635644266e-05	1.52395877348	7614845	5.46657043544
yWithMorphologySequentialStreamDropoutDev_BaselineLanguage_Fast_SaveLast_NoFinePOS.py	Slovak	Slovak	RANDOM_BY_TYPE	18	2.50467086493e-05	1.52395877348	7614845	5.46657043544
yWithMorphologySequentialStreamDropoutDev_BaselineLanguage_Fast_SaveLast_NoFinePOS.py	Slovak	Slovak	RANDOM_BY_TYPE	19	0.000173536473758	1.52395877348	7614845	5.46657043544
yWithMorphologySequentialStreamDropoutDev_BaselineLanguage_Fast_SaveLast_NoFinePOS.py	Slovak	Slovak	RANDOM_BY_TYPE	1	1.39269275553	1.63665645821	946245	5.51209675845
yWithMorphologySequentialStreamDropoutDev_BaselineLanguage_Fast_SaveLast_NoFinePOS.py	Slovak	Slovak	RANDOM_BY_TYPE	2	0.145480114732	1.63665645821	946245	5.51209675845
yWithMorphologySequentialStreamDropoutDev_BaselineLanguage_Fast_SaveLast_NoFinePOS.py	Slovak	Slovak	RANDOM_BY_TYPE	3	0.0447425252362	1.63665645821	946245	5.51209675845
yWithMorphologySequentialStreamDropoutDev_BaselineLanguage_Fast_SaveLast_NoFinePOS.py	Slovak	Slovak	RANDOM_BY_TYPE	4	0.0194884779519	1.63665645821	946245	5.51209675845
yWithMorphologySequentialStreamDropoutDev_BaselineLanguage_Fast_SaveLast_NoFinePOS.py	Slovak	Slovak	RANDOM_BY_TYPE	5	0.012785417658	1.63665645821	946245	5.51209675845
yWithMorphologySequentialStreamDropoutDev_BaselineLanguage_Fast_SaveLast_NoFinePOS.py	Slovak	Slovak	RANDOM_BY_TYPE	6	0.00885636508465	1.63665645821	946245	5.51209675845
yWithMorphologySequentialStreamDropoutDev_BaselineLanguage_Fast_SaveLast_NoFinePOS.py	Slovak	Slovak	RANDOM_BY_TYPE	7	0.00469734656484	1.63665645821	946245	5.51209675845
yWithMorphologySequentialStreamDropoutDev_BaselineLanguage_Fast_SaveLast_NoFinePOS.py	Slovak	Slovak	RANDOM_BY_TYPE	8	0.00193814145376	1.63665645821	946245	5.51209675845
yWithMorphologySequentialStreamDropoutDev_BaselineLanguage_Fast_SaveLast_NoFinePOS.py	Slovak	Slovak	RANDOM_BY_TYPE	9	0.00252964157764	1.63665645821	946245	5.51209675845
yWithMorphologySequentialStreamDropoutDev_BaselineLanguage_Fast_SaveLast_NoFinePOS.py	Slovak	Slovak	RANDOM_BY_TYPE	10	0.000931364461167	1.63665645821	946245	5.51209675845
yWithMorphologySequentialStreamDropoutDev_BaselineLanguage_Fast_SaveLast_NoFinePOS.py	Slovak	Slovak	RANDOM_BY_TYPE	11	0.00096045642683	1.63665645821	946245	5.51209675845
yWithMorphologySequentialStreamDropoutDev_BaselineLanguage_Fast_SaveLast_NoFinePOS.py	Slovak	Slovak	RANDOM_BY_TYPE	12	0.00102271302922	1.63665645821	946245	5.51209675845
yWithMorphologySequentialStreamDropoutDev_BaselineLanguage_Fast_SaveLast_NoFinePOS.py	Slovak	Slovak	RANDOM_BY_TYPE	13	0.000339870624346	1.63665645821	946245	5.51209675845
yWithMorphologySequentialStreamDropoutDev_BaselineLanguage_Fast_SaveLast_NoFinePOS.py	Slovak	Slovak	RANDOM_BY_TYPE	14	0.00039876838253	1.63665645821	946245	5.51209675845
yWithMorphologySequentialStreamDropoutDev_BaselineLanguage_Fast_SaveLast_NoFinePOS.py	Slovak	Slovak	RANDOM_BY_TYPE	15	8.44244679357e-05	1.63665645821	946245	5.51209675845
yWithMorphologySequentialStreamDropoutDev_BaselineLanguage_Fast_SaveLast_NoFinePOS.py	Slovak	Slovak	RANDOM_BY_TYPE	16	0.000268769427522	1.63665645821	946245	5.51209675845
yWithMorphologySequentialStreamDropoutDev_BaselineLanguage_Fast_SaveLast_NoFinePOS.py	Slovak	Slovak	RANDOM_BY_TYPE	17	0.000267896668551	1.63665645821	946245	5.51209675845
yWithMorphologySequentialStreamDropoutDev_BaselineLanguage_Fast_SaveLast_NoFinePOS.py	Slovak	Slovak	RANDOM_BY_TYPE	18	0	1.63665645821	946245	5.51209675845
yWithMorphologySequentialStreamDropoutDev_BaselineLanguage_Fast_SaveLast_NoFinePOS.py	Slovak	Slovak	RANDOM_BY_TYPE	19	0	1.63665645821	946245	5.51209675845
yWithMorphologySequentialStreamDropoutDev_BaselineLanguage_Fast_SaveLast_NoFinePOS.py	Slovak	Slovak	RANDOM_BY_TYPE	1	1.40187917148	1.63525858391	722898	5.50571518487
yWithMorphologySequentialStreamDropoutDev_BaselineLanguage_Fast_SaveLast_NoFinePOS.py	Slovak	Slovak	RANDOM_BY_TYPE	2	0.157079384384	1.63525858391	722898	5.50571518487
yWithMorphologySequentialStreamDropoutDev_BaselineLanguage_Fast_SaveLast_NoFinePOS.py	Slovak	Slovak	RANDOM_BY_TYPE	3	0.0359623457879	1.63525858391	722898	5.50571518487
yWithMorphologySequentialStreamDropoutDev_BaselineLanguage_Fast_SaveLast_NoFinePOS.py	Slovak	Slovak	RANDOM_BY_TYPE	4	0.016100933413	1.63525858391	722898	5.50571518487
yWithMorphologySequentialStreamDropoutDev_BaselineLanguage_Fast_SaveLast_NoFinePOS.py	Slovak	Slovak	RANDOM_BY_TYPE	5	0.00694125702936	1.63525858391	722898	5.50571518487
yWithMorphologySequentialStreamDropoutDev_BaselineLanguage_Fast_SaveLast_NoFinePOS.py	Slovak	Slovak	RANDOM_BY_TYPE	6	0.00381875348418	1.63525858391	722898	5.50571518487
yWithMorphologySequentialStreamDropoutDev_BaselineLanguage_Fast_SaveLast_NoFinePOS.py	Slovak	Slovak	RANDOM_BY_TYPE	7	0.00260956907926	1.63525858391	722898	5.50571518487
yWithMorphologySequentialStreamDropoutDev_BaselineLanguage_Fast_SaveLast_NoFinePOS.py	Slovak	Slovak	RANDOM_BY_TYPE	8	0.00275524368841	1.63525858391	722898	5.50571518487
yWithMorphologySequentialStreamDropoutDev_BaselineLanguage_Fast_SaveLast_NoFinePOS.py	Slovak	Slovak	RANDOM_BY_TYPE	9	0.00156238691448	1.63525858391	722898	5.50571518487
yWithMorphologySequentialStreamDropoutDev_BaselineLanguage_Fast_SaveLast_NoFinePOS.py	Slovak	Slovak	RANDOM_BY_TYPE	10	0.00244170860068	1.63525858391	722898	5.50571518487
yWithMorphologySequentialStreamDropoutDev_BaselineLanguage_Fast_SaveLast_NoFinePOS.py	Slovak	Slovak	RANDOM_BY_TYPE	11	0.00186001597202	1.63525858391	722898	5.50571518487
yWithMorphologySequentialStreamDropoutDev_BaselineLanguage_Fast_SaveLast_NoFinePOS.py	Slovak	Slovak	RANDOM_BY_TYPE	12	0.00103861803878	1.63525858391	722898	5.50571518487
yWithMorphologySequentialStreamDropoutDev_BaselineLanguage_Fast_SaveLast_NoFinePOS.py	Slovak	Slovak	RANDOM_BY_TYPE	13	0.000365571167371	1.63525858391	722898	5.50571518487
yWithMorphologySequentialStreamDropoutDev_BaselineLanguage_Fast_SaveLast_NoFinePOS.py	Slovak	Slovak	RANDOM_BY_TYPE	14	0	1.63525858391	722898	5.50571518487
yWithMorphologySequentialStreamDropoutDev_BaselineLanguage_Fast_SaveLast_NoFinePOS.py	Slovak	Slovak	RANDOM_BY_TYPE	15	0.000537039115004	1.63525858391	722898	5.50571518487
yWithMorphologySequentialStreamDropoutDev_BaselineLanguage_Fast_SaveLast_NoFinePOS.py	Slovak	Slovak	RANDOM_BY_TYPE	16	0.000142856452563	1.63525858391	722898	5.50571518487
yWithMorphologySequentialStreamDropoutDev_BaselineLanguage_Fast_SaveLast_NoFinePOS.py	Slovak	Slovak	RANDOM_BY_TYPE	17	0	1.63525858391	722898	5.50571518487
yWithMorphologySequentialStreamDropoutDev_BaselineLanguage_Fast_SaveLast_NoFinePOS.py	Slovak	Slovak	RANDOM_BY_TYPE	18	0.000277705960078	1.63525858391	722898	5.50571518487
yWithMorphologySequentialStreamDropoutDev_BaselineLanguage_Fast_SaveLast_NoFinePOS.py	Slovak	Slovak	RANDOM_BY_TYPE	19	0.000322013440198	1.63525858391	722898	5.50571518487
yWithMorphologySequentialStreamDropoutDev_BaselineLanguage_Fast_SaveLast_NoFinePOS.py	Slovak	Slovak	RANDOM_BY_TYPE	1	1.1311511646	1.51494692936	5695621	5.47134758193
yWithMorphologySequentialStreamDropoutDev_BaselineLanguage_Fast_SaveLast_NoFinePOS.py	Slovak	Slovak	RANDOM_BY_TYPE	2	0.218243944237	1.51494692936	5695621	5.47134758193
yWithMorphologySequentialStreamDropoutDev_BaselineLanguage_Fast_SaveLast_NoFinePOS.py	Slovak	Slovak	RANDOM_BY_TYPE	3	0.0734407284488	1.51494692936	5695621	5.47134758193
yWithMorphologySequentialStreamDropoutDev_BaselineLanguage_Fast_SaveLast_NoFinePOS.py	Slovak	Slovak	RANDOM_BY_TYPE	4	0.0392436564785	1.51494692936	5695621	5.47134758193
yWithMorphologySequentialStreamDropoutDev_BaselineLanguage_Fast_SaveLast_NoFinePOS.py	Slovak	Slovak	RANDOM_BY_TYPE	5	0.0169351865984	1.51494692936	5695621	5.47134758193
yWithMorphologySequentialStreamDropoutDev_BaselineLanguage_Fast_SaveLast_NoFinePOS.py	Slovak	Slovak	RANDOM_BY_TYPE	6	0.0104287447995	1.51494692936	5695621	5.47134758193
yWithMorphologySequentialStreamDropoutDev_BaselineLanguage_Fast_SaveLast_NoFinePOS.py	Slovak	Slovak	RANDOM_BY_TYPE	7	0.00677703945604	1.51494692936	5695621	5.47134758193
yWithMorphologySequentialStreamDropoutDev_BaselineLanguage_Fast_SaveLast_NoFinePOS.py	Slovak	Slovak	RANDOM_BY_TYPE	8	0.00588267098551	1.51494692936	5695621	5.47134758193
yWithMorphologySequentialStreamDropoutDev_BaselineLanguage_Fast_SaveLast_NoFinePOS.py	Slovak	Slovak	RANDOM_BY_TYPE	9	0.00306866356771	1.51494692936	5695621	5.47134758193
yWithMorphologySequentialStreamDropoutDev_BaselineLanguage_Fast_SaveLast_NoFinePOS.py	Slovak	Slovak	RANDOM_BY_TYPE	10	0.0034627300011	1.51494692936	5695621	5.47134758193
yWithMorphologySequentialStreamDropoutDev_BaselineLanguage_Fast_SaveLast_NoFinePOS.py	Slovak	Slovak	RANDOM_BY_TYPE	11	0.00260531436907	1.51494692936	5695621	5.47134758193
yWithMorphologySequentialStreamDropoutDev_BaselineLanguage_Fast_SaveLast_NoFinePOS.py	Slovak	Slovak	RANDOM_BY_TYPE	12	0.000917701729356	1.51494692936	5695621	5.47134758193
yWithMorphologySequentialStreamDropoutDev_BaselineLanguage_Fast_SaveLast_NoFinePOS.py	Slovak	Slovak	RANDOM_BY_TYPE	13	0.000895840705258	1.51494692936	5695621	5.47134758193
yWithMorphologySequentialStreamDropoutDev_BaselineLanguage_Fast_SaveLast_NoFinePOS.py	Slovak	Slovak	RANDOM_BY_TYPE	14	0.000664023299739	1.51494692936	5695621	5.47134758193
yWithMorphologySequentialStreamDropoutDev_BaselineLanguage_Fast_SaveLast_NoFinePOS.py	Slovak	Slovak	RANDOM_BY_TYPE	15	0.000768883954989	1.51494692936	5695621	5.47134758193
yWithMorphologySequentialStreamDropoutDev_BaselineLanguage_Fast_SaveLast_NoFinePOS.py	Slovak	Slovak	RANDOM_BY_TYPE	16	0	1.51494692936	5695621	5.47134758193
yWithMorphologySequentialStreamDropoutDev_BaselineLanguage_Fast_SaveLast_NoFinePOS.py	Slovak	Slovak	RANDOM_BY_TYPE	17	0	1.51494692936	5695621	5.47134758193
yWithMorphologySequentialStreamDropoutDev_BaselineLanguage_Fast_SaveLast_NoFinePOS.py	Slovak	Slovak	RANDOM_BY_TYPE	18	0.000308745568746	1.51494692936	5695621	5.47134758193
yWithMorphologySequentialStreamDropoutDev_BaselineLanguage_Fast_SaveLast_NoFinePOS.py	Slovak	Slovak	RANDOM_BY_TYPE	19	0.000327513560857	1.51494692936	5695621	5.47134758193
yWithMorphologySequentialStreamDropoutDev_BaselineLanguage_Fast_SaveLast_NoFinePOS.py	Slovak	Slovak	RANDOM_BY_TYPE	1	1.44067332765	1.68235085109	6776184	5.46492581298
yWithMorphologySequentialStreamDropoutDev_BaselineLanguage_Fast_SaveLast_NoFinePOS.py	Slovak	Slovak	RANDOM_BY_TYPE	2	0.159311651939	1.68235085109	6776184	5.46492581298
yWithMorphologySequentialStreamDropoutDev_BaselineLanguage_Fast_SaveLast_NoFinePOS.py	Slovak	Slovak	RANDOM_BY_TYPE	3	0.0367080273285	1.68235085109	6776184	5.46492581298
yWithMorphologySequentialStreamDropoutDev_BaselineLanguage_Fast_SaveLast_NoFinePOS.py	Slovak	Slovak	RANDOM_BY_TYPE	4	0.0174889646573	1.68235085109	6776184	5.46492581298
yWithMorphologySequentialStreamDropoutDev_BaselineLanguage_Fast_SaveLast_NoFinePOS.py	Slovak	Slovak	RANDOM_BY_TYPE	5	0.0105721679044	1.68235085109	6776184	5.46492581298
yWithMorphologySequentialStreamDropoutDev_BaselineLanguage_Fast_SaveLast_NoFinePOS.py	Slovak	Slovak	RANDOM_BY_TYPE	6	0.00570598073202	1.68235085109	6776184	5.46492581298
yWithMorphologySequentialStreamDropoutDev_BaselineLanguage_Fast_SaveLast_NoFinePOS.py	Slovak	Slovak	RANDOM_BY_TYPE	7	0.00248322478712	1.68235085109	6776184	5.46492581298
yWithMorphologySequentialStreamDropoutDev_BaselineLanguage_Fast_SaveLast_NoFinePOS.py	Slovak	Slovak	RANDOM_BY_TYPE	8	0.00400507074513	1.68235085109	6776184	5.46492581298
yWithMorphologySequentialStreamDropoutDev_BaselineLanguage_Fast_SaveLast_NoFinePOS.py	Slovak	Slovak	RANDOM_BY_TYPE	9	0.0029071794389	1.68235085109	6776184	5.46492581298
yWithMorphologySequentialStreamDropoutDev_BaselineLanguage_Fast_SaveLast_NoFinePOS.py	Slovak	Slovak	RANDOM_BY_TYPE	10	0.00194356033247	1.68235085109	6776184	5.46492581298
yWithMorphologySequentialStreamDropoutDev_BaselineLanguage_Fast_SaveLast_NoFinePOS.py	Slovak	Slovak	RANDOM_BY_TYPE	11	0.000775939920177	1.68235085109	6776184	5.46492581298
yWithMorphologySequentialStreamDropoutDev_BaselineLanguage_Fast_SaveLast_NoFinePOS.py	Slovak	Slovak	RANDOM_BY_TYPE	12	0	1.68235085109	6776184	5.46492581298
yWithMorphologySequentialStreamDropoutDev_BaselineLanguage_Fast_SaveLast_NoFinePOS.py	Slovak	Slovak	RANDOM_BY_TYPE	13	0	1.68235085109	6776184	5.46492581298
yWithMorphologySequentialStreamDropoutDev_BaselineLanguage_Fast_SaveLast_NoFinePOS.py	Slovak	Slovak	RANDOM_BY_TYPE	14	0.000911966946027	1.68235085109	6776184	5.46492581298
yWithMorphologySequentialStreamDropoutDev_BaselineLanguage_Fast_SaveLast_NoFinePOS.py	Slovak	Slovak	RANDOM_BY_TYPE	15	0	1.68235085109	6776184	5.46492581298
yWithMorphologySequentialStreamDropoutDev_BaselineLanguage_Fast_SaveLast_NoFinePOS.py	Slovak	Slovak	RANDOM_BY_TYPE	16	0.000286910101159	1.68235085109	6776184	5.46492581298
yWithMorphologySequentialStreamDropoutDev_BaselineLanguage_Fast_SaveLast_NoFinePOS.py	Slovak	Slovak	RANDOM_BY_TYPE	17	0	1.68235085109	6776184	5.46492581298
yWithMorphologySequentialStreamDropoutDev_BaselineLanguage_Fast_SaveLast_NoFinePOS.py	Slovak	Slovak	RANDOM_BY_TYPE	18	0.000367279656946	1.68235085109	6776184	5.46492581298
yWithMorphologySequentialStreamDropoutDev_BaselineLanguage_Fast_SaveLast_NoFinePOS.py	Slovak	Slovak	RANDOM_BY_TYPE	19	0.00066541078156	1.68235085109	6776184	5.46492581298
yWithMorphologySequentialStreamDropoutDev_BaselineLanguage_Fast_SaveLast_NoFinePOS.py	Slovak	Slovak	RANDOM_BY_TYPE	1	1.30805295049	1.63313600078	803841021	5.46574768032
yWithMorphologySequentialStreamDropoutDev_BaselineLanguage_Fast_SaveLast_NoFinePOS.py	Slovak	Slovak	RANDOM_BY_TYPE	2	0.23941180159	1.63313600078	803841021	5.46574768032
yWithMorphologySequentialStreamDropoutDev_BaselineLanguage_Fast_SaveLast_NoFinePOS.py	Slovak	Slovak	RANDOM_BY_TYPE	3	0.0362213692436	1.63313600078	803841021	5.46574768032
yWithMorphologySequentialStreamDropoutDev_BaselineLanguage_Fast_SaveLast_NoFinePOS.py	Slovak	Slovak	RANDOM_BY_TYPE	4	0.014646023022	1.63313600078	803841021	5.46574768032
yWithMorphologySequentialStreamDropoutDev_BaselineLanguage_Fast_SaveLast_NoFinePOS.py	Slovak	Slovak	RANDOM_BY_TYPE	5	0.00908135028735	1.63313600078	803841021	5.46574768032
yWithMorphologySequentialStreamDropoutDev_BaselineLanguage_Fast_SaveLast_NoFinePOS.py	Slovak	Slovak	RANDOM_BY_TYPE	6	0.00869410674866	1.63313600078	803841021	5.46574768032
yWithMorphologySequentialStreamDropoutDev_BaselineLanguage_Fast_SaveLast_NoFinePOS.py	Slovak	Slovak	RANDOM_BY_TYPE	7	0.00280676169755	1.63313600078	803841021	5.46574768032
yWithMorphologySequentialStreamDropoutDev_BaselineLanguage_Fast_SaveLast_NoFinePOS.py	Slovak	Slovak	RANDOM_BY_TYPE	8	0.0039705191573	1.63313600078	803841021	5.46574768032
yWithMorphologySequentialStreamDropoutDev_BaselineLanguage_Fast_SaveLast_NoFinePOS.py	Slovak	Slovak	RANDOM_BY_TYPE	9	0.000993587791103	1.63313600078	803841021	5.46574768032
yWithMorphologySequentialStreamDropoutDev_BaselineLanguage_Fast_SaveLast_NoFinePOS.py	Slovak	Slovak	RANDOM_BY_TYPE	10	0.00232743130971	1.63313600078	803841021	5.46574768032
yWithMorphologySequentialStreamDropoutDev_BaselineLanguage_Fast_SaveLast_NoFinePOS.py	Slovak	Slovak	RANDOM_BY_TYPE	11	0.00205762141371	1.63313600078	803841021	5.46574768032
yWithMorphologySequentialStreamDropoutDev_BaselineLanguage_Fast_SaveLast_NoFinePOS.py	Slovak	Slovak	RANDOM_BY_TYPE	12	0.001289436017	1.63313600078	803841021	5.46574768032
yWithMorphologySequentialStreamDropoutDev_BaselineLanguage_Fast_SaveLast_NoFinePOS.py	Slovak	Slovak	RANDOM_BY_TYPE	13	0.000757351354377	1.63313600078	803841021	5.46574768032
yWithMorphologySequentialStreamDropoutDev_BaselineLanguage_Fast_SaveLast_NoFinePOS.py	Slovak	Slovak	RANDOM_BY_TYPE	14	0.000585759257617	1.63313600078	803841021	5.46574768032
yWithMorphologySequentialStreamDropoutDev_BaselineLanguage_Fast_SaveLast_NoFinePOS.py	Slovak	Slovak	RANDOM_BY_TYPE	15	0.000954105143678	1.63313600078	803841021	5.46574768032
yWithMorphologySequentialStreamDropoutDev_BaselineLanguage_Fast_SaveLast_NoFinePOS.py	Slovak	Slovak	RANDOM_BY_TYPE	16	0.000659552543131	1.63313600078	803841021	5.46574768032
yWithMorphologySequentialStreamDropoutDev_BaselineLanguage_Fast_SaveLast_NoFinePOS.py	Slovak	Slovak	RANDOM_BY_TYPE	17	0	1.63313600078	803841021	5.46574768032
yWithMorphologySequentialStreamDropoutDev_BaselineLanguage_Fast_SaveLast_NoFinePOS.py	Slovak	Slovak	RANDOM_BY_TYPE	18	0.000780156785495	1.63313600078	803841021	5.46574768032
yWithMorphologySequentialStreamDropoutDev_BaselineLanguage_Fast_SaveLast_NoFinePOS.py	Slovak	Slovak	RANDOM_BY_TYPE	19	0	1.63313600078	803841021	5.46574768032
yWithMorphologySequentialStreamDropoutDev_BaselineLanguage_Fast_SaveLast_NoFinePOS.py	Slovak	Slovak	RANDOM_BY_TYPE	1	1.2076416966	1.50383105249	766570571	5.45769753113
yWithMorphologySequentialStreamDropoutDev_BaselineLanguage_Fast_SaveLast_NoFinePOS.py	Slovak	Slovak	RANDOM_BY_TYPE	2	0.208128076506	1.50383105249	766570571	5.45769753113
yWithMorphologySequentialStreamDropoutDev_BaselineLanguage_Fast_SaveLast_NoFinePOS.py	Slovak	Slovak	RANDOM_BY_TYPE	3	0.0434758914252	1.50383105249	766570571	5.45769753113
yWithMorphologySequentialStreamDropoutDev_BaselineLanguage_Fast_SaveLast_NoFinePOS.py	Slovak	Slovak	RANDOM_BY_TYPE	4	0.0181678827903	1.50383105249	766570571	5.45769753113
yWithMorphologySequentialStreamDropoutDev_BaselineLanguage_Fast_SaveLast_NoFinePOS.py	Slovak	Slovak	RANDOM_BY_TYPE	5	0.00948376582093	1.50383105249	766570571	5.45769753113
yWithMorphologySequentialStreamDropoutDev_BaselineLanguage_Fast_SaveLast_NoFinePOS.py	Slovak	Slovak	RANDOM_BY_TYPE	6	0.00499668129503	1.50383105249	766570571	5.45769753113
yWithMorphologySequentialStreamDropoutDev_BaselineLanguage_Fast_SaveLast_NoFinePOS.py	Slovak	Slovak	RANDOM_BY_TYPE	7	0.00220921198799	1.50383105249	766570571	5.45769753113
yWithMorphologySequentialStreamDropoutDev_BaselineLanguage_Fast_SaveLast_NoFinePOS.py	Slovak	Slovak	RANDOM_BY_TYPE	8	0.00380605871547	1.50383105249	766570571	5.45769753113
yWithMorphologySequentialStreamDropoutDev_BaselineLanguage_Fast_SaveLast_NoFinePOS.py	Slovak	Slovak	RANDOM_BY_TYPE	9	0.00206825578049	1.50383105249	766570571	5.45769753113
yWithMorphologySequentialStreamDropoutDev_BaselineLanguage_Fast_SaveLast_NoFinePOS.py	Slovak	Slovak	RANDOM_BY_TYPE	10	0.00115528461868	1.50383105249	766570571	5.45769753113
yWithMorphologySequentialStreamDropoutDev_BaselineLanguage_Fast_SaveLast_NoFinePOS.py	Slovak	Slovak	RANDOM_BY_TYPE	11	0.000237983873446	1.50383105249	766570571	5.45769753113
yWithMorphologySequentialStreamDropoutDev_BaselineLanguage_Fast_SaveLast_NoFinePOS.py	Slovak	Slovak	RANDOM_BY_TYPE	12	0.00104505999448	1.50383105249	766570571	5.45769753113
yWithMorphologySequentialStreamDropoutDev_BaselineLanguage_Fast_SaveLast_NoFinePOS.py	Slovak	Slovak	RANDOM_BY_TYPE	13	0.000137046673526	1.50383105249	766570571	5.45769753113
yWithMorphologySequentialStreamDropoutDev_BaselineLanguage_Fast_SaveLast_NoFinePOS.py	Slovak	Slovak	RANDOM_BY_TYPE	14	0.000175951278373	1.50383105249	766570571	5.45769753113
yWithMorphologySequentialStreamDropoutDev_BaselineLanguage_Fast_SaveLast_NoFinePOS.py	Slovak	Slovak	RANDOM_BY_TYPE	15	0.000880147333015	1.50383105249	766570571	5.45769753113
yWithMorphologySequentialStreamDropoutDev_BaselineLanguage_Fast_SaveLast_NoFinePOS.py	Slovak	Slovak	RANDOM_BY_TYPE	16	0.000322811570886	1.50383105249	766570571	5.45769753113
yWithMorphologySequentialStreamDropoutDev_BaselineLanguage_Fast_SaveLast_NoFinePOS.py	Slovak	Slovak	RANDOM_BY_TYPE	17	0	1.50383105249	766570571	5.45769753113
yWithMorphologySequentialStreamDropoutDev_BaselineLanguage_Fast_SaveLast_NoFinePOS.py	Slovak	Slovak	RANDOM_BY_TYPE	18	0.000193681986365	1.50383105249	766570571	5.45769753113
yWithMorphologySequentialStreamDropoutDev_BaselineLanguage_Fast_SaveLast_NoFinePOS.py	Slovak	Slovak	RANDOM_BY_TYPE	19	0.000122324244617	1.50383105249	766570571	5.45769753113
yWithMorphologySequentialStreamDropoutDev_BaselineLanguage_Fast_SaveLast_NoFinePOS.py	Slovak	Slovak	RANDOM_BY_TYPE	1	1.36485477886	1.63265349579	9008688	5.47501243239
yWithMorphologySequentialStreamDropoutDev_BaselineLanguage_Fast_SaveLast_NoFinePOS.py	Slovak	Slovak	RANDOM_BY_TYPE	2	0.147276339139	1.63265349579	9008688	5.47501243239
yWithMorphologySequentialStreamDropoutDev_BaselineLanguage_Fast_SaveLast_NoFinePOS.py	Slovak	Slovak	RANDOM_BY_TYPE	3	0.033785905046	1.63265349579	9008688	5.47501243239
yWithMorphologySequentialStreamDropoutDev_BaselineLanguage_Fast_SaveLast_NoFinePOS.py	Slovak	Slovak	RANDOM_BY_TYPE	4	0.0185513526201	1.63265349579	9008688	5.47501243239
yWithMorphologySequentialStreamDropoutDev_BaselineLanguage_Fast_SaveLast_NoFinePOS.py	Slovak	Slovak	RANDOM_BY_TYPE	5	0.0181928229659	1.63265349579	9008688	5.47501243239
yWithMorphologySequentialStreamDropoutDev_BaselineLanguage_Fast_SaveLast_NoFinePOS.py	Slovak	Slovak	RANDOM_BY_TYPE	6	0.0149897904429	1.63265349579	9008688	5.47501243239
yWithMorphologySequentialStreamDropoutDev_BaselineLanguage_Fast_SaveLast_NoFinePOS.py	Slovak	Slovak	RANDOM_BY_TYPE	7	0.00847683263152	1.63265349579	9008688	5.47501243239
yWithMorphologySequentialStreamDropoutDev_BaselineLanguage_Fast_SaveLast_NoFinePOS.py	Slovak	Slovak	RANDOM_BY_TYPE	8	0.00740086587325	1.63265349579	9008688	5.47501243239
yWithMorphologySequentialStreamDropoutDev_BaselineLanguage_Fast_SaveLast_NoFinePOS.py	Slovak	Slovak	RANDOM_BY_TYPE	9	0.00549732164977	1.63265349579	9008688	5.47501243239
yWithMorphologySequentialStreamDropoutDev_BaselineLanguage_Fast_SaveLast_NoFinePOS.py	Slovak	Slovak	RANDOM_BY_TYPE	10	0.00270406722206	1.63265349579	9008688	5.47501243239
yWithMorphologySequentialStreamDropoutDev_BaselineLanguage_Fast_SaveLast_NoFinePOS.py	Slovak	Slovak	RANDOM_BY_TYPE	11	0.00232240235152	1.63265349579	9008688	5.47501243239
yWithMorphologySequentialStreamDropoutDev_BaselineLanguage_Fast_SaveLast_NoFinePOS.py	Slovak	Slovak	RANDOM_BY_TYPE	12	0.00215095469396	1.63265349579	9008688	5.47501243239
yWithMorphologySequentialStreamDropoutDev_BaselineLanguage_Fast_SaveLast_NoFinePOS.py	Slovak	Slovak	RANDOM_BY_TYPE	13	0.00200738065863	1.63265349579	9008688	5.47501243239
yWithMorphologySequentialStreamDropoutDev_BaselineLanguage_Fast_SaveLast_NoFinePOS.py	Slovak	Slovak	RANDOM_BY_TYPE	14	0.00163041459371	1.63265349579	9008688	5.47501243239
yWithMorphologySequentialStreamDropoutDev_BaselineLanguage_Fast_SaveLast_NoFinePOS.py	Slovak	Slovak	RANDOM_BY_TYPE	15	0.00141671822496	1.63265349579	9008688	5.47501243239
yWithMorphologySequentialStreamDropoutDev_BaselineLanguage_Fast_SaveLast_NoFinePOS.py	Slovak	Slovak	RANDOM_BY_TYPE	16	0.000798811732906	1.63265349579	9008688	5.47501243239
yWithMorphologySequentialStreamDropoutDev_BaselineLanguage_Fast_SaveLast_NoFinePOS.py	Slovak	Slovak	RANDOM_BY_TYPE	17	0.000364127346914	1.63265349579	9008688	5.47501243239
yWithMorphologySequentialStreamDropoutDev_BaselineLanguage_Fast_SaveLast_NoFinePOS.py	Slovak	Slovak	RANDOM_BY_TYPE	18	0.000420795197356	1.63265349579	9008688	5.47501243239
yWithMorphologySequentialStreamDropoutDev_BaselineLanguage_Fast_SaveLast_NoFinePOS.py	Slovak	Slovak	RANDOM_BY_TYPE	19	0	1.63265349579	9008688	5.47501243239
yWithMorphologySequentialStreamDropoutDev_BaselineLanguage_Fast_SaveLast_NoFinePOS.py	Slovak	Slovak	RANDOM_BY_TYPE	1	1.22635556802	1.55254070269	9877734	5.47328188423
yWithMorphologySequentialStreamDropoutDev_BaselineLanguage_Fast_SaveLast_NoFinePOS.py	Slovak	Slovak	RANDOM_BY_TYPE	2	0.203617975402	1.55254070269	9877734	5.47328188423
yWithMorphologySequentialStreamDropoutDev_BaselineLanguage_Fast_SaveLast_NoFinePOS.py	Slovak	Slovak	RANDOM_BY_TYPE	3	0.0580400210537	1.55254070269	9877734	5.47328188423
yWithMorphologySequentialStreamDropoutDev_BaselineLanguage_Fast_SaveLast_NoFinePOS.py	Slovak	Slovak	RANDOM_BY_TYPE	4	0.0254180349308	1.55254070269	9877734	5.47328188423
yWithMorphologySequentialStreamDropoutDev_BaselineLanguage_Fast_SaveLast_NoFinePOS.py	Slovak	Slovak	RANDOM_BY_TYPE	5	0.0169125403443	1.55254070269	9877734	5.47328188423
yWithMorphologySequentialStreamDropoutDev_BaselineLanguage_Fast_SaveLast_NoFinePOS.py	Slovak	Slovak	RANDOM_BY_TYPE	6	0.00632128997208	1.55254070269	9877734	5.47328188423
yWithMorphologySequentialStreamDropoutDev_BaselineLanguage_Fast_SaveLast_NoFinePOS.py	Slovak	Slovak	RANDOM_BY_TYPE	7	0.00286916478039	1.55254070269	9877734	5.47328188423
yWithMorphologySequentialStreamDropoutDev_BaselineLanguage_Fast_SaveLast_NoFinePOS.py	Slovak	Slovak	RANDOM_BY_TYPE	8	0.00174180346809	1.55254070269	9877734	5.47328188423
yWithMorphologySequentialStreamDropoutDev_BaselineLanguage_Fast_SaveLast_NoFinePOS.py	Slovak	Slovak	RANDOM_BY_TYPE	9	0.00266878351773	1.55254070269	9877734	5.47328188423
yWithMorphologySequentialStreamDropoutDev_BaselineLanguage_Fast_SaveLast_NoFinePOS.py	Slovak	Slovak	RANDOM_BY_TYPE	10	0.0020812062368	1.55254070269	9877734	5.47328188423
yWithMorphologySequentialStreamDropoutDev_BaselineLanguage_Fast_SaveLast_NoFinePOS.py	Slovak	Slovak	RANDOM_BY_TYPE	11	0.00138002119652	1.55254070269	9877734	5.47328188423
yWithMorphologySequentialStreamDropoutDev_BaselineLanguage_Fast_SaveLast_NoFinePOS.py	Slovak	Slovak	RANDOM_BY_TYPE	12	0.00119298965964	1.55254070269	9877734	5.47328188423
yWithMorphologySequentialStreamDropoutDev_BaselineLanguage_Fast_SaveLast_NoFinePOS.py	Slovak	Slovak	RANDOM_BY_TYPE	13	0.00216937746904	1.55254070269	9877734	5.47328188423
yWithMorphologySequentialStreamDropoutDev_BaselineLanguage_Fast_SaveLast_NoFinePOS.py	Slovak	Slovak	RANDOM_BY_TYPE	14	0.000654087532057	1.55254070269	9877734	5.47328188423
yWithMorphologySequentialStreamDropoutDev_BaselineLanguage_Fast_SaveLast_NoFinePOS.py	Slovak	Slovak	RANDOM_BY_TYPE	15	0.000447090725376	1.55254070269	9877734	5.47328188423
yWithMorphologySequentialStreamDropoutDev_BaselineLanguage_Fast_SaveLast_NoFinePOS.py	Slovak	Slovak	RANDOM_BY_TYPE	16	0.000110241607444	1.55254070269	9877734	5.47328188423
yWithMorphologySequentialStreamDropoutDev_BaselineLanguage_Fast_SaveLast_NoFinePOS.py	Slovak	Slovak	RANDOM_BY_TYPE	17	0.000841218110633	1.55254070269	9877734	5.47328188423
yWithMorphologySequentialStreamDropoutDev_BaselineLanguage_Fast_SaveLast_NoFinePOS.py	Slovak	Slovak	RANDOM_BY_TYPE	18	0	1.55254070269	9877734	5.47328188423
yWithMorphologySequentialStreamDropoutDev_BaselineLanguage_Fast_SaveLast_NoFinePOS.py	Slovak	Slovak	RANDOM_BY_TYPE	19	9.38869094194e-05	1.55254070269	9877734	5.47328188423
yWithMorphologySequentialStreamDropoutDev_BaselineLanguage_Fast_SaveLast_NoFinePOS.py	Slovak	Slovak	RANDOM_BY_TYPE	1	1.41710358507	1.69195723787	316758902	5.53313181564
yWithMorphologySequentialStreamDropoutDev_BaselineLanguage_Fast_SaveLast_NoFinePOS.py	Slovak	Slovak	RANDOM_BY_TYPE	2	0.168152328428	1.69195723787	316758902	5.53313181564
yWithMorphologySequentialStreamDropoutDev_BaselineLanguage_Fast_SaveLast_NoFinePOS.py	Slovak	Slovak	RANDOM_BY_TYPE	3	0.0475996082368	1.69195723787	316758902	5.53313181564
yWithMorphologySequentialStreamDropoutDev_BaselineLanguage_Fast_SaveLast_NoFinePOS.py	Slovak	Slovak	RANDOM_BY_TYPE	4	0.0199476059577	1.69195723787	316758902	5.53313181564
yWithMorphologySequentialStreamDropoutDev_BaselineLanguage_Fast_SaveLast_NoFinePOS.py	Slovak	Slovak	RANDOM_BY_TYPE	5	0.013429661483	1.69195723787	316758902	5.53313181564
yWithMorphologySequentialStreamDropoutDev_BaselineLanguage_Fast_SaveLast_NoFinePOS.py	Slovak	Slovak	RANDOM_BY_TYPE	6	0.00741697982566	1.69195723787	316758902	5.53313181564
yWithMorphologySequentialStreamDropoutDev_BaselineLanguage_Fast_SaveLast_NoFinePOS.py	Slovak	Slovak	RANDOM_BY_TYPE	7	0.00469202656452	1.69195723787	316758902	5.53313181564
yWithMorphologySequentialStreamDropoutDev_BaselineLanguage_Fast_SaveLast_NoFinePOS.py	Slovak	Slovak	RANDOM_BY_TYPE	8	0.00246363396514	1.69195723787	316758902	5.53313181564
yWithMorphologySequentialStreamDropoutDev_BaselineLanguage_Fast_SaveLast_NoFinePOS.py	Slovak	Slovak	RANDOM_BY_TYPE	9	0.00398570127683	1.69195723787	316758902	5.53313181564
yWithMorphologySequentialStreamDropoutDev_BaselineLanguage_Fast_SaveLast_NoFinePOS.py	Slovak	Slovak	RANDOM_BY_TYPE	10	0.00255973449309	1.69195723787	316758902	5.53313181564
yWithMorphologySequentialStreamDropoutDev_BaselineLanguage_Fast_SaveLast_NoFinePOS.py	Slovak	Slovak	RANDOM_BY_TYPE	11	0.000286426282909	1.69195723787	316758902	5.53313181564
yWithMorphologySequentialStreamDropoutDev_BaselineLanguage_Fast_SaveLast_NoFinePOS.py	Slovak	Slovak	RANDOM_BY_TYPE	12	0.00200757984429	1.69195723787	316758902	5.53313181564
yWithMorphologySequentialStreamDropoutDev_BaselineLanguage_Fast_SaveLast_NoFinePOS.py	Slovak	Slovak	RANDOM_BY_TYPE	13	0.000620903176804	1.69195723787	316758902	5.53313181564
yWithMorphologySequentialStreamDropoutDev_BaselineLanguage_Fast_SaveLast_NoFinePOS.py	Slovak	Slovak	RANDOM_BY_TYPE	14	0.000856313313523	1.69195723787	316758902	5.53313181564
yWithMorphologySequentialStreamDropoutDev_BaselineLanguage_Fast_SaveLast_NoFinePOS.py	Slovak	Slovak	RANDOM_BY_TYPE	15	0.000687559091882	1.69195723787	316758902	5.53313181564
yWithMorphologySequentialStreamDropoutDev_BaselineLanguage_Fast_SaveLast_NoFinePOS.py	Slovak	Slovak	RANDOM_BY_TYPE	16	0.000388674989138	1.69195723787	316758902	5.53313181564
yWithMorphologySequentialStreamDropoutDev_BaselineLanguage_Fast_SaveLast_NoFinePOS.py	Slovak	Slovak	RANDOM_BY_TYPE	17	1.67831982667e-06	1.69195723787	316758902	5.53313181564
yWithMorphologySequentialStreamDropoutDev_BaselineLanguage_Fast_SaveLast_NoFinePOS.py	Slovak	Slovak	RANDOM_BY_TYPE	18	0	1.69195723787	316758902	5.53313181564
yWithMorphologySequentialStreamDropoutDev_BaselineLanguage_Fast_SaveLast_NoFinePOS.py	Slovak	Slovak	RANDOM_BY_TYPE	19	0.000251784430791	1.69195723787	316758902	5.53313181564
yWithMorphologySequentialStreamDropoutDev_BaselineLanguage_Fast_SaveLast_NoFinePOS.py	Slovak	Slovak	RANDOM_BY_TYPE	1	1.36859076207	1.70019704704	2222938	5.4961662139
yWithMorphologySequentialStreamDropoutDev_BaselineLanguage_Fast_SaveLast_NoFinePOS.py	Slovak	Slovak	RANDOM_BY_TYPE	2	0.240866927496	1.70019704704	2222938	5.4961662139
yWithMorphologySequentialStreamDropoutDev_BaselineLanguage_Fast_SaveLast_NoFinePOS.py	Slovak	Slovak	RANDOM_BY_TYPE	3	0.0470492389921	1.70019704704	2222938	5.4961662139
yWithMorphologySequentialStreamDropoutDev_BaselineLanguage_Fast_SaveLast_NoFinePOS.py	Slovak	Slovak	RANDOM_BY_TYPE	4	0.0149262176801	1.70019704704	2222938	5.4961662139
yWithMorphologySequentialStreamDropoutDev_BaselineLanguage_Fast_SaveLast_NoFinePOS.py	Slovak	Slovak	RANDOM_BY_TYPE	5	0.00884013339265	1.70019704704	2222938	5.4961662139
yWithMorphologySequentialStreamDropoutDev_BaselineLanguage_Fast_SaveLast_NoFinePOS.py	Slovak	Slovak	RANDOM_BY_TYPE	6	0.00678642486056	1.70019704704	2222938	5.4961662139
yWithMorphologySequentialStreamDropoutDev_BaselineLanguage_Fast_SaveLast_NoFinePOS.py	Slovak	Slovak	RANDOM_BY_TYPE	7	0.00317167558082	1.70019704704	2222938	5.4961662139
yWithMorphologySequentialStreamDropoutDev_BaselineLanguage_Fast_SaveLast_NoFinePOS.py	Slovak	Slovak	RANDOM_BY_TYPE	8	0.00164915494723	1.70019704704	2222938	5.4961662139
yWithMorphologySequentialStreamDropoutDev_BaselineLanguage_Fast_SaveLast_NoFinePOS.py	Slovak	Slovak	RANDOM_BY_TYPE	9	0.00233255547203	1.70019704704	2222938	5.4961662139
yWithMorphologySequentialStreamDropoutDev_BaselineLanguage_Fast_SaveLast_NoFinePOS.py	Slovak	Slovak	RANDOM_BY_TYPE	10	0.00176995768122	1.70019704704	2222938	5.4961662139
yWithMorphologySequentialStreamDropoutDev_BaselineLanguage_Fast_SaveLast_NoFinePOS.py	Slovak	Slovak	RANDOM_BY_TYPE	11	0.00065514702503	1.70019704704	2222938	5.4961662139
yWithMorphologySequentialStreamDropoutDev_BaselineLanguage_Fast_SaveLast_NoFinePOS.py	Slovak	Slovak	RANDOM_BY_TYPE	12	0.00167092766664	1.70019704704	2222938	5.4961662139
yWithMorphologySequentialStreamDropoutDev_BaselineLanguage_Fast_SaveLast_NoFinePOS.py	Slovak	Slovak	RANDOM_BY_TYPE	13	0	1.70019704704	2222938	5.4961662139
yWithMorphologySequentialStreamDropoutDev_BaselineLanguage_Fast_SaveLast_NoFinePOS.py	Slovak	Slovak	RANDOM_BY_TYPE	14	0.00104128893924	1.70019704704	2222938	5.4961662139
yWithMorphologySequentialStreamDropoutDev_BaselineLanguage_Fast_SaveLast_NoFinePOS.py	Slovak	Slovak	RANDOM_BY_TYPE	15	0.000130065948996	1.70019704704	2222938	5.4961662139
yWithMorphologySequentialStreamDropoutDev_BaselineLanguage_Fast_SaveLast_NoFinePOS.py	Slovak	Slovak	RANDOM_BY_TYPE	16	0.000509800935445	1.70019704704	2222938	5.4961662139
yWithMorphologySequentialStreamDropoutDev_BaselineLanguage_Fast_SaveLast_NoFinePOS.py	Slovak	Slovak	RANDOM_BY_TYPE	17	0	1.70019704704	2222938	5.4961662139
yWithMorphologySequentialStreamDropoutDev_BaselineLanguage_Fast_SaveLast_NoFinePOS.py	Slovak	Slovak	RANDOM_BY_TYPE	18	0.000276949348515	1.70019704704	2222938	5.4961662139
yWithMorphologySequentialStreamDropoutDev_BaselineLanguage_Fast_SaveLast_NoFinePOS.py	Slovak	Slovak	RANDOM_BY_TYPE	19	0.000361402598146	1.70019704704	2222938	5.4961662139
yWithMorphologySequentialStreamDropoutDev_BaselineLanguage_Fast_SaveLast_NoFinePOS.py	Slovak	Slovak	RANDOM_BY_TYPE	1	1.37169016918	1.60378110772	602038177	5.43846922202
yWithMorphologySequentialStreamDropoutDev_BaselineLanguage_Fast_SaveLast_NoFinePOS.py	Slovak	Slovak	RANDOM_BY_TYPE	2	0.151708211556	1.60378110772	602038177	5.43846922202
yWithMorphologySequentialStreamDropoutDev_BaselineLanguage_Fast_SaveLast_NoFinePOS.py	Slovak	Slovak	RANDOM_BY_TYPE	3	0.0251597726182	1.60378110772	602038177	5.43846922202
yWithMorphologySequentialStreamDropoutDev_BaselineLanguage_Fast_SaveLast_NoFinePOS.py	Slovak	Slovak	RANDOM_BY_TYPE	4	0.0138101536117	1.60378110772	602038177	5.43846922202
yWithMorphologySequentialStreamDropoutDev_BaselineLanguage_Fast_SaveLast_NoFinePOS.py	Slovak	Slovak	RANDOM_BY_TYPE	5	0.0127458147398	1.60378110772	602038177	5.43846922202
yWithMorphologySequentialStreamDropoutDev_BaselineLanguage_Fast_SaveLast_NoFinePOS.py	Slovak	Slovak	RANDOM_BY_TYPE	6	0.0088781956124	1.60378110772	602038177	5.43846922202
yWithMorphologySequentialStreamDropoutDev_BaselineLanguage_Fast_SaveLast_NoFinePOS.py	Slovak	Slovak	RANDOM_BY_TYPE	7	0.00293352652902	1.60378110772	602038177	5.43846922202
yWithMorphologySequentialStreamDropoutDev_BaselineLanguage_Fast_SaveLast_NoFinePOS.py	Slovak	Slovak	RANDOM_BY_TYPE	8	0.00510703431417	1.60378110772	602038177	5.43846922202
yWithMorphologySequentialStreamDropoutDev_BaselineLanguage_Fast_SaveLast_NoFinePOS.py	Slovak	Slovak	RANDOM_BY_TYPE	9	0.00362893065361	1.60378110772	602038177	5.43846922202
yWithMorphologySequentialStreamDropoutDev_BaselineLanguage_Fast_SaveLast_NoFinePOS.py	Slovak	Slovak	RANDOM_BY_TYPE	10	0.00298537681364	1.60378110772	602038177	5.43846922202
yWithMorphologySequentialStreamDropoutDev_BaselineLanguage_Fast_SaveLast_NoFinePOS.py	Slovak	Slovak	RANDOM_BY_TYPE	11	0.00130487382412	1.60378110772	602038177	5.43846922202
yWithMorphologySequentialStreamDropoutDev_BaselineLanguage_Fast_SaveLast_NoFinePOS.py	Slovak	Slovak	RANDOM_BY_TYPE	12	0.00125532452374	1.60378110772	602038177	5.43846922202
yWithMorphologySequentialStreamDropoutDev_BaselineLanguage_Fast_SaveLast_NoFinePOS.py	Slovak	Slovak	RANDOM_BY_TYPE	13	0.000468278053689	1.60378110772	602038177	5.43846922202
yWithMorphologySequentialStreamDropoutDev_BaselineLanguage_Fast_SaveLast_NoFinePOS.py	Slovak	Slovak	RANDOM_BY_TYPE	14	0.000538048515581	1.60378110772	602038177	5.43846922202
yWithMorphologySequentialStreamDropoutDev_BaselineLanguage_Fast_SaveLast_NoFinePOS.py	Slovak	Slovak	RANDOM_BY_TYPE	15	0.000182065898425	1.60378110772	602038177	5.43846922202
yWithMorphologySequentialStreamDropoutDev_BaselineLanguage_Fast_SaveLast_NoFinePOS.py	Slovak	Slovak	RANDOM_BY_TYPE	16	0.000812273646054	1.60378110772	602038177	5.43846922202
yWithMorphologySequentialStreamDropoutDev_BaselineLanguage_Fast_SaveLast_NoFinePOS.py	Slovak	Slovak	RANDOM_BY_TYPE	17	0.000291998786469	1.60378110772	602038177	5.43846922202
yWithMorphologySequentialStreamDropoutDev_BaselineLanguage_Fast_SaveLast_NoFinePOS.py	Slovak	Slovak	RANDOM_BY_TYPE	18	0	1.60378110772	602038177	5.43846922202
yWithMorphologySequentialStreamDropoutDev_BaselineLanguage_Fast_SaveLast_NoFinePOS.py	Slovak	Slovak	RANDOM_BY_TYPE	19	0.000309503772487	1.60378110772	602038177	5.43846922202
yWithMorphologySequentialStreamDropoutDev_BaselineLanguage_Fast_SaveLast_NoFinePOS.py	Slovak	Slovak	RANDOM_BY_TYPE	1	1.31267359024	1.55967577724	9291563	5.49834953093
yWithMorphologySequentialStreamDropoutDev_BaselineLanguage_Fast_SaveLast_NoFinePOS.py	Slovak	Slovak	RANDOM_BY_TYPE	2	0.128416559794	1.55967577724	9291563	5.49834953093
yWithMorphologySequentialStreamDropoutDev_BaselineLanguage_Fast_SaveLast_NoFinePOS.py	Slovak	Slovak	RANDOM_BY_TYPE	3	0.0481676250288	1.55967577724	9291563	5.49834953093
yWithMorphologySequentialStreamDropoutDev_BaselineLanguage_Fast_SaveLast_NoFinePOS.py	Slovak	Slovak	RANDOM_BY_TYPE	4	0.0256002908292	1.55967577724	9291563	5.49834953093
yWithMorphologySequentialStreamDropoutDev_BaselineLanguage_Fast_SaveLast_NoFinePOS.py	Slovak	Slovak	RANDOM_BY_TYPE	5	0.0153427612292	1.55967577724	9291563	5.49834953093
yWithMorphologySequentialStreamDropoutDev_BaselineLanguage_Fast_SaveLast_NoFinePOS.py	Slovak	Slovak	RANDOM_BY_TYPE	6	0.0104469405462	1.55967577724	9291563	5.49834953093
yWithMorphologySequentialStreamDropoutDev_BaselineLanguage_Fast_SaveLast_NoFinePOS.py	Slovak	Slovak	RANDOM_BY_TYPE	7	0.00786099719675	1.55967577724	9291563	5.49834953093
yWithMorphologySequentialStreamDropoutDev_BaselineLanguage_Fast_SaveLast_NoFinePOS.py	Slovak	Slovak	RANDOM_BY_TYPE	8	0.00203917340873	1.55967577724	9291563	5.49834953093
yWithMorphologySequentialStreamDropoutDev_BaselineLanguage_Fast_SaveLast_NoFinePOS.py	Slovak	Slovak	RANDOM_BY_TYPE	9	0.00305989347909	1.55967577724	9291563	5.49834953093
yWithMorphologySequentialStreamDropoutDev_BaselineLanguage_Fast_SaveLast_NoFinePOS.py	Slovak	Slovak	RANDOM_BY_TYPE	10	0.00255977327693	1.55967577724	9291563	5.49834953093
yWithMorphologySequentialStreamDropoutDev_BaselineLanguage_Fast_SaveLast_NoFinePOS.py	Slovak	Slovak	RANDOM_BY_TYPE	11	0.000920354421825	1.55967577724	9291563	5.49834953093
yWithMorphologySequentialStreamDropoutDev_BaselineLanguage_Fast_SaveLast_NoFinePOS.py	Slovak	Slovak	RANDOM_BY_TYPE	12	0.0012236994015	1.55967577724	9291563	5.49834953093
yWithMorphologySequentialStreamDropoutDev_BaselineLanguage_Fast_SaveLast_NoFinePOS.py	Slovak	Slovak	RANDOM_BY_TYPE	13	0	1.55967577724	9291563	5.49834953093
yWithMorphologySequentialStreamDropoutDev_BaselineLanguage_Fast_SaveLast_NoFinePOS.py	Slovak	Slovak	RANDOM_BY_TYPE	14	0.000333575639006	1.55967577724	9291563	5.49834953093
yWithMorphologySequentialStreamDropoutDev_BaselineLanguage_Fast_SaveLast_NoFinePOS.py	Slovak	Slovak	RANDOM_BY_TYPE	15	0.000931483507157	1.55967577724	9291563	5.49834953093
yWithMorphologySequentialStreamDropoutDev_BaselineLanguage_Fast_SaveLast_NoFinePOS.py	Slovak	Slovak	RANDOM_BY_TYPE	16	0.000342455832925	1.55967577724	9291563	5.49834953093
yWithMorphologySequentialStreamDropoutDev_BaselineLanguage_Fast_SaveLast_NoFinePOS.py	Slovak	Slovak	RANDOM_BY_TYPE	17	0.000196728763515	1.55967577724	9291563	5.49834953093
yWithMorphologySequentialStreamDropoutDev_BaselineLanguage_Fast_SaveLast_NoFinePOS.py	Slovak	Slovak	RANDOM_BY_TYPE	18	0	1.55967577724	9291563	5.49834953093
yWithMorphologySequentialStreamDropoutDev_BaselineLanguage_Fast_SaveLast_NoFinePOS.py	Slovak	Slovak	RANDOM_BY_TYPE	19	0	1.55967577724	9291563	5.49834953093
yWithMorphologySequentialStreamDropoutDev_BaselineLanguage_Fast_SaveLast_NoFinePOS.py	Slovak	Slovak	RANDOM_BY_TYPE	1	1.19821127371	1.52181451337	1102313	5.44829535199
yWithMorphologySequentialStreamDropoutDev_BaselineLanguage_Fast_SaveLast_NoFinePOS.py	Slovak	Slovak	RANDOM_BY_TYPE	2	0.155776316295	1.52181451337	1102313	5.44829535199
yWithMorphologySequentialStreamDropoutDev_BaselineLanguage_Fast_SaveLast_NoFinePOS.py	Slovak	Slovak	RANDOM_BY_TYPE	3	0.0803849900422	1.52181451337	1102313	5.44829535199
yWithMorphologySequentialStreamDropoutDev_BaselineLanguage_Fast_SaveLast_NoFinePOS.py	Slovak	Slovak	RANDOM_BY_TYPE	4	0.0296075017485	1.52181451337	1102313	5.44829535199
yWithMorphologySequentialStreamDropoutDev_BaselineLanguage_Fast_SaveLast_NoFinePOS.py	Slovak	Slovak	RANDOM_BY_TYPE	5	0.0221610395467	1.52181451337	1102313	5.44829535199
yWithMorphologySequentialStreamDropoutDev_BaselineLanguage_Fast_SaveLast_NoFinePOS.py	Slovak	Slovak	RANDOM_BY_TYPE	6	0.00987296394289	1.52181451337	1102313	5.44829535199
yWithMorphologySequentialStreamDropoutDev_BaselineLanguage_Fast_SaveLast_NoFinePOS.py	Slovak	Slovak	RANDOM_BY_TYPE	7	0.00985987284412	1.52181451337	1102313	5.44829535199
yWithMorphologySequentialStreamDropoutDev_BaselineLanguage_Fast_SaveLast_NoFinePOS.py	Slovak	Slovak	RANDOM_BY_TYPE	8	0.00395297003935	1.52181451337	1102313	5.44829535199
yWithMorphologySequentialStreamDropoutDev_BaselineLanguage_Fast_SaveLast_NoFinePOS.py	Slovak	Slovak	RANDOM_BY_TYPE	9	0.00388601099792	1.52181451337	1102313	5.44829535199
yWithMorphologySequentialStreamDropoutDev_BaselineLanguage_Fast_SaveLast_NoFinePOS.py	Slovak	Slovak	RANDOM_BY_TYPE	10	0.00303581740758	1.52181451337	1102313	5.44829535199
yWithMorphologySequentialStreamDropoutDev_BaselineLanguage_Fast_SaveLast_NoFinePOS.py	Slovak	Slovak	RANDOM_BY_TYPE	11	0.00202139028131	1.52181451337	1102313	5.44829535199
yWithMorphologySequentialStreamDropoutDev_BaselineLanguage_Fast_SaveLast_NoFinePOS.py	Slovak	Slovak	RANDOM_BY_TYPE	12	0.00110362327262	1.52181451337	1102313	5.44829535199
yWithMorphologySequentialStreamDropoutDev_BaselineLanguage_Fast_SaveLast_NoFinePOS.py	Slovak	Slovak	RANDOM_BY_TYPE	13	0.000380071711867	1.52181451337	1102313	5.44829535199
yWithMorphologySequentialStreamDropoutDev_BaselineLanguage_Fast_SaveLast_NoFinePOS.py	Slovak	Slovak	RANDOM_BY_TYPE	14	0.000875127723772	1.52181451337	1102313	5.44829535199
yWithMorphologySequentialStreamDropoutDev_BaselineLanguage_Fast_SaveLast_NoFinePOS.py	Slovak	Slovak	RANDOM_BY_TYPE	15	0.000313713452587	1.52181451337	1102313	5.44829535199
yWithMorphologySequentialStreamDropoutDev_BaselineLanguage_Fast_SaveLast_NoFinePOS.py	Slovak	Slovak	RANDOM_BY_TYPE	16	0.000376008308097	1.52181451337	1102313	5.44829535199
yWithMorphologySequentialStreamDropoutDev_BaselineLanguage_Fast_SaveLast_NoFinePOS.py	Slovak	Slovak	RANDOM_BY_TYPE	17	0.00017804960682	1.52181451337	1102313	5.44829535199
yWithMorphologySequentialStreamDropoutDev_BaselineLanguage_Fast_SaveLast_NoFinePOS.py	Slovak	Slovak	RANDOM_BY_TYPE	18	0	1.52181451337	1102313	5.44829535199
yWithMorphologySequentialStreamDropoutDev_BaselineLanguage_Fast_SaveLast_NoFinePOS.py	Slovak	Slovak	RANDOM_BY_TYPE	19	6.85266027713e-05	1.52181451337	1102313	5.44829535199
yWithMorphologySequentialStreamDropoutDev_BaselineLanguage_Fast_SaveLast_NoFinePOS.py	Slovak	Slovak	RANDOM_BY_TYPE	1	1.26759254026	1.59055955018	389012815	5.50177311665
yWithMorphologySequentialStreamDropoutDev_BaselineLanguage_Fast_SaveLast_NoFinePOS.py	Slovak	Slovak	RANDOM_BY_TYPE	2	0.152339271282	1.59055955018	389012815	5.50177311665
yWithMorphologySequentialStreamDropoutDev_BaselineLanguage_Fast_SaveLast_NoFinePOS.py	Slovak	Slovak	RANDOM_BY_TYPE	3	0.0672764475215	1.59055955018	389012815	5.50177311665
yWithMorphologySequentialStreamDropoutDev_BaselineLanguage_Fast_SaveLast_NoFinePOS.py	Slovak	Slovak	RANDOM_BY_TYPE	4	0.0381407796928	1.59055955018	389012815	5.50177311665
yWithMorphologySequentialStreamDropoutDev_BaselineLanguage_Fast_SaveLast_NoFinePOS.py	Slovak	Slovak	RANDOM_BY_TYPE	5	0.0248509064113	1.59055955018	389012815	5.50177311665
yWithMorphologySequentialStreamDropoutDev_BaselineLanguage_Fast_SaveLast_NoFinePOS.py	Slovak	Slovak	RANDOM_BY_TYPE	6	0.012575764852	1.59055955018	389012815	5.50177311665
yWithMorphologySequentialStreamDropoutDev_BaselineLanguage_Fast_SaveLast_NoFinePOS.py	Slovak	Slovak	RANDOM_BY_TYPE	7	0.0110075995938	1.59055955018	389012815	5.50177311665
yWithMorphologySequentialStreamDropoutDev_BaselineLanguage_Fast_SaveLast_NoFinePOS.py	Slovak	Slovak	RANDOM_BY_TYPE	8	0.0044447702496	1.59055955018	389012815	5.50177311665
yWithMorphologySequentialStreamDropoutDev_BaselineLanguage_Fast_SaveLast_NoFinePOS.py	Slovak	Slovak	RANDOM_BY_TYPE	9	0.00490223475515	1.59055955018	389012815	5.50177311665
yWithMorphologySequentialStreamDropoutDev_BaselineLanguage_Fast_SaveLast_NoFinePOS.py	Slovak	Slovak	RANDOM_BY_TYPE	10	0.00276730848502	1.59055955018	389012815	5.50177311665
yWithMorphologySequentialStreamDropoutDev_BaselineLanguage_Fast_SaveLast_NoFinePOS.py	Slovak	Slovak	RANDOM_BY_TYPE	11	0.00183122811252	1.59055955018	389012815	5.50177311665
yWithMorphologySequentialStreamDropoutDev_BaselineLanguage_Fast_SaveLast_NoFinePOS.py	Slovak	Slovak	RANDOM_BY_TYPE	12	0.000967843810173	1.59055955018	389012815	5.50177311665
yWithMorphologySequentialStreamDropoutDev_BaselineLanguage_Fast_SaveLast_NoFinePOS.py	Slovak	Slovak	RANDOM_BY_TYPE	13	0.00025556336527	1.59055955018	389012815	5.50177311665
yWithMorphologySequentialStreamDropoutDev_BaselineLanguage_Fast_SaveLast_NoFinePOS.py	Slovak	Slovak	RANDOM_BY_TYPE	14	0.000853792731076	1.59055955018	389012815	5.50177311665
yWithMorphologySequentialStreamDropoutDev_BaselineLanguage_Fast_SaveLast_NoFinePOS.py	Slovak	Slovak	RANDOM_BY_TYPE	15	0.000164821743965	1.59055955018	389012815	5.50177311665
yWithMorphologySequentialStreamDropoutDev_BaselineLanguage_Fast_SaveLast_NoFinePOS.py	Slovak	Slovak	RANDOM_BY_TYPE	16	0.000652051870137	1.59055955018	389012815	5.50177311665
yWithMorphologySequentialStreamDropoutDev_BaselineLanguage_Fast_SaveLast_NoFinePOS.py	Slovak	Slovak	RANDOM_BY_TYPE	17	0.00043310890459	1.59055955018	389012815	5.50177311665
yWithMorphologySequentialStreamDropoutDev_BaselineLanguage_Fast_SaveLast_NoFinePOS.py	Slovak	Slovak	RANDOM_BY_TYPE	18	0.000103849254242	1.59055955018	389012815	5.50177311665
yWithMorphologySequentialStreamDropoutDev_BaselineLanguage_Fast_SaveLast_NoFinePOS.py	Slovak	Slovak	RANDOM_BY_TYPE	19	0	1.59055955018	389012815	5.50177311665
yWithMorphologySequentialStreamDropoutDev_BaselineLanguage_Fast_SaveLast_NoFinePOS.py	Slovak	Slovak	RANDOM_BY_TYPE	1	1.34283361492	1.58491106315	5453601	5.48030296891
yWithMorphologySequentialStreamDropoutDev_BaselineLanguage_Fast_SaveLast_NoFinePOS.py	Slovak	Slovak	RANDOM_BY_TYPE	2	0.168650014678	1.58491106315	5453601	5.48030296891
yWithMorphologySequentialStreamDropoutDev_BaselineLanguage_Fast_SaveLast_NoFinePOS.py	Slovak	Slovak	RANDOM_BY_TYPE	3	0.0399576523941	1.58491106315	5453601	5.48030296891
yWithMorphologySequentialStreamDropoutDev_BaselineLanguage_Fast_SaveLast_NoFinePOS.py	Slovak	Slovak	RANDOM_BY_TYPE	4	0.0111644977984	1.58491106315	5453601	5.48030296891
yWithMorphologySequentialStreamDropoutDev_BaselineLanguage_Fast_SaveLast_NoFinePOS.py	Slovak	Slovak	RANDOM_BY_TYPE	5	0.0044991057213	1.58491106315	5453601	5.48030296891
yWithMorphologySequentialStreamDropoutDev_BaselineLanguage_Fast_SaveLast_NoFinePOS.py	Slovak	Slovak	RANDOM_BY_TYPE	6	0.00616274982283	1.58491106315	5453601	5.48030296891
yWithMorphologySequentialStreamDropoutDev_BaselineLanguage_Fast_SaveLast_NoFinePOS.py	Slovak	Slovak	RANDOM_BY_TYPE	7	0.00424902733058	1.58491106315	5453601	5.48030296891
yWithMorphologySequentialStreamDropoutDev_BaselineLanguage_Fast_SaveLast_NoFinePOS.py	Slovak	Slovak	RANDOM_BY_TYPE	8	0.00113497172316	1.58491106315	5453601	5.48030296891
yWithMorphologySequentialStreamDropoutDev_BaselineLanguage_Fast_SaveLast_NoFinePOS.py	Slovak	Slovak	RANDOM_BY_TYPE	9	0.00218527047601	1.58491106315	5453601	5.48030296891
yWithMorphologySequentialStreamDropoutDev_BaselineLanguage_Fast_SaveLast_NoFinePOS.py	Slovak	Slovak	RANDOM_BY_TYPE	10	0.00132404353521	1.58491106315	5453601	5.48030296891
yWithMorphologySequentialStreamDropoutDev_BaselineLanguage_Fast_SaveLast_NoFinePOS.py	Slovak	Slovak	RANDOM_BY_TYPE	11	0.00131846862297	1.58491106315	5453601	5.48030296891
yWithMorphologySequentialStreamDropoutDev_BaselineLanguage_Fast_SaveLast_NoFinePOS.py	Slovak	Slovak	RANDOM_BY_TYPE	12	7.61878000546e-05	1.58491106315	5453601	5.48030296891
yWithMorphologySequentialStreamDropoutDev_BaselineLanguage_Fast_SaveLast_NoFinePOS.py	Slovak	Slovak	RANDOM_BY_TYPE	13	0.000279448048709	1.58491106315	5453601	5.48030296891
yWithMorphologySequentialStreamDropoutDev_BaselineLanguage_Fast_SaveLast_NoFinePOS.py	Slovak	Slovak	RANDOM_BY_TYPE	14	0.000380476900976	1.58491106315	5453601	5.48030296891
yWithMorphologySequentialStreamDropoutDev_BaselineLanguage_Fast_SaveLast_NoFinePOS.py	Slovak	Slovak	RANDOM_BY_TYPE	15	0.000154721696083	1.58491106315	5453601	5.48030296891
yWithMorphologySequentialStreamDropoutDev_BaselineLanguage_Fast_SaveLast_NoFinePOS.py	Slovak	Slovak	RANDOM_BY_TYPE	16	0.000377066290542	1.58491106315	5453601	5.48030296891
yWithMorphologySequentialStreamDropoutDev_BaselineLanguage_Fast_SaveLast_NoFinePOS.py	Slovak	Slovak	RANDOM_BY_TYPE	17	0.000469667372638	1.58491106315	5453601	5.48030296891
yWithMorphologySequentialStreamDropoutDev_BaselineLanguage_Fast_SaveLast_NoFinePOS.py	Slovak	Slovak	RANDOM_BY_TYPE	18	0.000231514605757	1.58491106315	5453601	5.48030296891
yWithMorphologySequentialStreamDropoutDev_BaselineLanguage_Fast_SaveLast_NoFinePOS.py	Slovak	Slovak	RANDOM_BY_TYPE	19	0	1.58491106315	5453601	5.48030296891
yWithMorphologySequentialStreamDropoutDev_BaselineLanguage_Fast_SaveLast_NoFinePOS.py	Slovak	Slovak	RANDOM_BY_TYPE	1	1.19858140158	1.52795160082	4499409	5.47280219316
yWithMorphologySequentialStreamDropoutDev_BaselineLanguage_Fast_SaveLast_NoFinePOS.py	Slovak	Slovak	RANDOM_BY_TYPE	2	0.193284560883	1.52795160082	4499409	5.47280219316
yWithMorphologySequentialStreamDropoutDev_BaselineLanguage_Fast_SaveLast_NoFinePOS.py	Slovak	Slovak	RANDOM_BY_TYPE	3	0.0642944470252	1.52795160082	4499409	5.47280219316
yWithMorphologySequentialStreamDropoutDev_BaselineLanguage_Fast_SaveLast_NoFinePOS.py	Slovak	Slovak	RANDOM_BY_TYPE	4	0.0272660112953	1.52795160082	4499409	5.47280219316
yWithMorphologySequentialStreamDropoutDev_BaselineLanguage_Fast_SaveLast_NoFinePOS.py	Slovak	Slovak	RANDOM_BY_TYPE	5	0.01494580246	1.52795160082	4499409	5.47280219316
yWithMorphologySequentialStreamDropoutDev_BaselineLanguage_Fast_SaveLast_NoFinePOS.py	Slovak	Slovak	RANDOM_BY_TYPE	6	0.00982331249812	1.52795160082	4499409	5.47280219316
yWithMorphologySequentialStreamDropoutDev_BaselineLanguage_Fast_SaveLast_NoFinePOS.py	Slovak	Slovak	RANDOM_BY_TYPE	7	0.00543441825534	1.52795160082	4499409	5.47280219316
yWithMorphologySequentialStreamDropoutDev_BaselineLanguage_Fast_SaveLast_NoFinePOS.py	Slovak	Slovak	RANDOM_BY_TYPE	8	0.00275229611625	1.52795160082	4499409	5.47280219316
yWithMorphologySequentialStreamDropoutDev_BaselineLanguage_Fast_SaveLast_NoFinePOS.py	Slovak	Slovak	RANDOM_BY_TYPE	9	0.0034232900159	1.52795160082	4499409	5.47280219316
yWithMorphologySequentialStreamDropoutDev_BaselineLanguage_Fast_SaveLast_NoFinePOS.py	Slovak	Slovak	RANDOM_BY_TYPE	10	0.0032267728897	1.52795160082	4499409	5.47280219316
yWithMorphologySequentialStreamDropoutDev_BaselineLanguage_Fast_SaveLast_NoFinePOS.py	Slovak	Slovak	RANDOM_BY_TYPE	11	0.00205886237425	1.52795160082	4499409	5.47280219316
yWithMorphologySequentialStreamDropoutDev_BaselineLanguage_Fast_SaveLast_NoFinePOS.py	Slovak	Slovak	RANDOM_BY_TYPE	12	0.00119159340042	1.52795160082	4499409	5.47280219316
yWithMorphologySequentialStreamDropoutDev_BaselineLanguage_Fast_SaveLast_NoFinePOS.py	Slovak	Slovak	RANDOM_BY_TYPE	13	0.0012046773548	1.52795160082	4499409	5.47280219316
yWithMorphologySequentialStreamDropoutDev_BaselineLanguage_Fast_SaveLast_NoFinePOS.py	Slovak	Slovak	RANDOM_BY_TYPE	14	0.000418417012855	1.52795160082	4499409	5.47280219316
yWithMorphologySequentialStreamDropoutDev_BaselineLanguage_Fast_SaveLast_NoFinePOS.py	Slovak	Slovak	RANDOM_BY_TYPE	15	0	1.52795160082	4499409	5.47280219316
yWithMorphologySequentialStreamDropoutDev_BaselineLanguage_Fast_SaveLast_NoFinePOS.py	Slovak	Slovak	RANDOM_BY_TYPE	16	0.000345152820626	1.52795160082	4499409	5.47280219316
yWithMorphologySequentialStreamDropoutDev_BaselineLanguage_Fast_SaveLast_NoFinePOS.py	Slovak	Slovak	RANDOM_BY_TYPE	17	3.15924621606e-05	1.52795160082	4499409	5.47280219316
yWithMorphologySequentialStreamDropoutDev_BaselineLanguage_Fast_SaveLast_NoFinePOS.py	Slovak	Slovak	RANDOM_BY_TYPE	18	0	1.52795160082	4499409	5.47280219316
yWithMorphologySequentialStreamDropoutDev_BaselineLanguage_Fast_SaveLast_NoFinePOS.py	Slovak	Slovak	RANDOM_BY_TYPE	19	0	1.52795160082	4499409	5.47280219316
yWithMorphologySequentialStreamDropoutDev_BaselineLanguage_Fast_SaveLast_NoFinePOS.py	Slovak	Slovak	RANDOM_BY_TYPE	1	1.28425615136	1.59035632521	5560970	5.47518102122
yWithMorphologySequentialStreamDropoutDev_BaselineLanguage_Fast_SaveLast_NoFinePOS.py	Slovak	Slovak	RANDOM_BY_TYPE	2	0.182176824139	1.59035632521	5560970	5.47518102122
yWithMorphologySequentialStreamDropoutDev_BaselineLanguage_Fast_SaveLast_NoFinePOS.py	Slovak	Slovak	RANDOM_BY_TYPE	3	0.0463232888751	1.59035632521	5560970	5.47518102122
yWithMorphologySequentialStreamDropoutDev_BaselineLanguage_Fast_SaveLast_NoFinePOS.py	Slovak	Slovak	RANDOM_BY_TYPE	4	0.0291741752461	1.59035632521	5560970	5.47518102122
yWithMorphologySequentialStreamDropoutDev_BaselineLanguage_Fast_SaveLast_NoFinePOS.py	Slovak	Slovak	RANDOM_BY_TYPE	5	0.00977597959238	1.59035632521	5560970	5.47518102122
yWithMorphologySequentialStreamDropoutDev_BaselineLanguage_Fast_SaveLast_NoFinePOS.py	Slovak	Slovak	RANDOM_BY_TYPE	6	0.00668568002851	1.59035632521	5560970	5.47518102122
yWithMorphologySequentialStreamDropoutDev_BaselineLanguage_Fast_SaveLast_NoFinePOS.py	Slovak	Slovak	RANDOM_BY_TYPE	7	0.00554264681797	1.59035632521	5560970	5.47518102122
yWithMorphologySequentialStreamDropoutDev_BaselineLanguage_Fast_SaveLast_NoFinePOS.py	Slovak	Slovak	RANDOM_BY_TYPE	8	0.00792524222642	1.59035632521	5560970	5.47518102122
yWithMorphologySequentialStreamDropoutDev_BaselineLanguage_Fast_SaveLast_NoFinePOS.py	Slovak	Slovak	RANDOM_BY_TYPE	9	0.00393456996304	1.59035632521	5560970	5.47518102122
yWithMorphologySequentialStreamDropoutDev_BaselineLanguage_Fast_SaveLast_NoFinePOS.py	Slovak	Slovak	RANDOM_BY_TYPE	10	0.00436227293047	1.59035632521	5560970	5.47518102122
yWithMorphologySequentialStreamDropoutDev_BaselineLanguage_Fast_SaveLast_NoFinePOS.py	Slovak	Slovak	RANDOM_BY_TYPE	11	0.00300812027226	1.59035632521	5560970	5.47518102122
yWithMorphologySequentialStreamDropoutDev_BaselineLanguage_Fast_SaveLast_NoFinePOS.py	Slovak	Slovak	RANDOM_BY_TYPE	12	0.00214332146187	1.59035632521	5560970	5.47518102122
yWithMorphologySequentialStreamDropoutDev_BaselineLanguage_Fast_SaveLast_NoFinePOS.py	Slovak	Slovak	RANDOM_BY_TYPE	13	0.00138089775223	1.59035632521	5560970	5.47518102122
yWithMorphologySequentialStreamDropoutDev_BaselineLanguage_Fast_SaveLast_NoFinePOS.py	Slovak	Slovak	RANDOM_BY_TYPE	14	0.00125076627895	1.59035632521	5560970	5.47518102122
yWithMorphologySequentialStreamDropoutDev_BaselineLanguage_Fast_SaveLast_NoFinePOS.py	Slovak	Slovak	RANDOM_BY_TYPE	15	0.000386665455282	1.59035632521	5560970	5.47518102122
yWithMorphologySequentialStreamDropoutDev_BaselineLanguage_Fast_SaveLast_NoFinePOS.py	Slovak	Slovak	RANDOM_BY_TYPE	16	0.00167658169792	1.59035632521	5560970	5.47518102122
yWithMorphologySequentialStreamDropoutDev_BaselineLanguage_Fast_SaveLast_NoFinePOS.py	Slovak	Slovak	RANDOM_BY_TYPE	17	8.69700761688e-05	1.59035632521	5560970	5.47518102122
yWithMorphologySequentialStreamDropoutDev_BaselineLanguage_Fast_SaveLast_NoFinePOS.py	Slovak	Slovak	RANDOM_BY_TYPE	18	0.000411058819457	1.59035632521	5560970	5.47518102122
yWithMorphologySequentialStreamDropoutDev_BaselineLanguage_Fast_SaveLast_NoFinePOS.py	Slovak	Slovak	RANDOM_BY_TYPE	19	0	1.59035632521	5560970	5.47518102122
yWithMorphologySequentialStreamDropoutDev_BaselineLanguage_Fast_SaveLast_NoFinePOS.py	Slovak	Slovak	RANDOM_BY_TYPE	1	1.22720082194	1.55016453683	8771729	5.45203375841
yWithMorphologySequentialStreamDropoutDev_BaselineLanguage_Fast_SaveLast_NoFinePOS.py	Slovak	Slovak	RANDOM_BY_TYPE	2	0.201055546452	1.55016453683	8771729	5.45203375841
yWithMorphologySequentialStreamDropoutDev_BaselineLanguage_Fast_SaveLast_NoFinePOS.py	Slovak	Slovak	RANDOM_BY_TYPE	3	0.0584839096216	1.55016453683	8771729	5.45203375841
yWithMorphologySequentialStreamDropoutDev_BaselineLanguage_Fast_SaveLast_NoFinePOS.py	Slovak	Slovak	RANDOM_BY_TYPE	4	0.0237500197267	1.55016453683	8771729	5.45203375841
yWithMorphologySequentialStreamDropoutDev_BaselineLanguage_Fast_SaveLast_NoFinePOS.py	Slovak	Slovak	RANDOM_BY_TYPE	5	0.0136762461025	1.55016453683	8771729	5.45203375841
yWithMorphologySequentialStreamDropoutDev_BaselineLanguage_Fast_SaveLast_NoFinePOS.py	Slovak	Slovak	RANDOM_BY_TYPE	6	0.00852153983018	1.55016453683	8771729	5.45203375841
yWithMorphologySequentialStreamDropoutDev_BaselineLanguage_Fast_SaveLast_NoFinePOS.py	Slovak	Slovak	RANDOM_BY_TYPE	7	0.00540224338231	1.55016453683	8771729	5.45203375841
yWithMorphologySequentialStreamDropoutDev_BaselineLanguage_Fast_SaveLast_NoFinePOS.py	Slovak	Slovak	RANDOM_BY_TYPE	8	0.00394209766225	1.55016453683	8771729	5.45203375841
yWithMorphologySequentialStreamDropoutDev_BaselineLanguage_Fast_SaveLast_NoFinePOS.py	Slovak	Slovak	RANDOM_BY_TYPE	9	0.00250724705115	1.55016453683	8771729	5.45203375841
yWithMorphologySequentialStreamDropoutDev_BaselineLanguage_Fast_SaveLast_NoFinePOS.py	Slovak	Slovak	RANDOM_BY_TYPE	10	0.00189646127289	1.55016453683	8771729	5.45203375841
yWithMorphologySequentialStreamDropoutDev_BaselineLanguage_Fast_SaveLast_NoFinePOS.py	Slovak	Slovak	RANDOM_BY_TYPE	11	0.00198851880962	1.55016453683	8771729	5.45203375841
yWithMorphologySequentialStreamDropoutDev_BaselineLanguage_Fast_SaveLast_NoFinePOS.py	Slovak	Slovak	RANDOM_BY_TYPE	12	0.000918037638272	1.55016453683	8771729	5.45203375841
yWithMorphologySequentialStreamDropoutDev_BaselineLanguage_Fast_SaveLast_NoFinePOS.py	Slovak	Slovak	RANDOM_BY_TYPE	13	0.000883389784865	1.55016453683	8771729	5.45203375841
yWithMorphologySequentialStreamDropoutDev_BaselineLanguage_Fast_SaveLast_NoFinePOS.py	Slovak	Slovak	RANDOM_BY_TYPE	14	0	1.55016453683	8771729	5.45203375841
yWithMorphologySequentialStreamDropoutDev_BaselineLanguage_Fast_SaveLast_NoFinePOS.py	Slovak	Slovak	RANDOM_BY_TYPE	15	6.03817097127e-05	1.55016453683	8771729	5.45203375841
yWithMorphologySequentialStreamDropoutDev_BaselineLanguage_Fast_SaveLast_NoFinePOS.py	Slovak	Slovak	RANDOM_BY_TYPE	16	0	1.55016453683	8771729	5.45203375841
yWithMorphologySequentialStreamDropoutDev_BaselineLanguage_Fast_SaveLast_NoFinePOS.py	Slovak	Slovak	RANDOM_BY_TYPE	17	0.000534162456042	1.55016453683	8771729	5.45203375841
yWithMorphologySequentialStreamDropoutDev_BaselineLanguage_Fast_SaveLast_NoFinePOS.py	Slovak	Slovak	RANDOM_BY_TYPE	18	0	1.55016453683	8771729	5.45203375841
yWithMorphologySequentialStreamDropoutDev_BaselineLanguage_Fast_SaveLast_NoFinePOS.py	Slovak	Slovak	RANDOM_BY_TYPE	19	0	1.55016453683	8771729	5.45203375841
yWithMorphologySequentialStreamDropoutDev_BaselineLanguage_Fast_SaveLast_NoFinePOS.py	Slovak	Slovak	RANDOM_BY_TYPE	1	1.43103092537	1.6561936336	1976419	5.45925843336
yWithMorphologySequentialStreamDropoutDev_BaselineLanguage_Fast_SaveLast_NoFinePOS.py	Slovak	Slovak	RANDOM_BY_TYPE	2	0.144372543121	1.6561936336	1976419	5.45925843336
yWithMorphologySequentialStreamDropoutDev_BaselineLanguage_Fast_SaveLast_NoFinePOS.py	Slovak	Slovak	RANDOM_BY_TYPE	3	0.0388046405903	1.6561936336	1976419	5.45925843336
yWithMorphologySequentialStreamDropoutDev_BaselineLanguage_Fast_SaveLast_NoFinePOS.py	Slovak	Slovak	RANDOM_BY_TYPE	4	0.0172556398258	1.6561936336	1976419	5.45925843336
yWithMorphologySequentialStreamDropoutDev_BaselineLanguage_Fast_SaveLast_NoFinePOS.py	Slovak	Slovak	RANDOM_BY_TYPE	5	0.00886393405803	1.6561936336	1976419	5.45925843336
yWithMorphologySequentialStreamDropoutDev_BaselineLanguage_Fast_SaveLast_NoFinePOS.py	Slovak	Slovak	RANDOM_BY_TYPE	6	0.00793328975161	1.6561936336	1976419	5.45925843336
yWithMorphologySequentialStreamDropoutDev_BaselineLanguage_Fast_SaveLast_NoFinePOS.py	Slovak	Slovak	RANDOM_BY_TYPE	7	0.00168009326883	1.6561936336	1976419	5.45925843336
yWithMorphologySequentialStreamDropoutDev_BaselineLanguage_Fast_SaveLast_NoFinePOS.py	Slovak	Slovak	RANDOM_BY_TYPE	8	0.00348046764935	1.6561936336	1976419	5.45925843336
yWithMorphologySequentialStreamDropoutDev_BaselineLanguage_Fast_SaveLast_NoFinePOS.py	Slovak	Slovak	RANDOM_BY_TYPE	9	0.00119276332529	1.6561936336	1976419	5.45925843336
yWithMorphologySequentialStreamDropoutDev_BaselineLanguage_Fast_SaveLast_NoFinePOS.py	Slovak	Slovak	RANDOM_BY_TYPE	10	0.000327524787759	1.6561936336	1976419	5.45925843336
yWithMorphologySequentialStreamDropoutDev_BaselineLanguage_Fast_SaveLast_NoFinePOS.py	Slovak	Slovak	RANDOM_BY_TYPE	11	0.000197798585238	1.6561936336	1976419	5.45925843336
yWithMorphologySequentialStreamDropoutDev_BaselineLanguage_Fast_SaveLast_NoFinePOS.py	Slovak	Slovak	RANDOM_BY_TYPE	12	0.0011095442184	1.6561936336	1976419	5.45925843336
yWithMorphologySequentialStreamDropoutDev_BaselineLanguage_Fast_SaveLast_NoFinePOS.py	Slovak	Slovak	RANDOM_BY_TYPE	13	0	1.6561936336	1976419	5.45925843336
yWithMorphologySequentialStreamDropoutDev_BaselineLanguage_Fast_SaveLast_NoFinePOS.py	Slovak	Slovak	RANDOM_BY_TYPE	14	0	1.6561936336	1976419	5.45925843336
yWithMorphologySequentialStreamDropoutDev_BaselineLanguage_Fast_SaveLast_NoFinePOS.py	Slovak	Slovak	RANDOM_BY_TYPE	15	0	1.6561936336	1976419	5.45925843336
yWithMorphologySequentialStreamDropoutDev_BaselineLanguage_Fast_SaveLast_NoFinePOS.py	Slovak	Slovak	RANDOM_BY_TYPE	16	0.000526208134547	1.6561936336	1976419	5.45925843336
yWithMorphologySequentialStreamDropoutDev_BaselineLanguage_Fast_SaveLast_NoFinePOS.py	Slovak	Slovak	RANDOM_BY_TYPE	17	0	1.6561936336	1976419	5.45925843336
yWithMorphologySequentialStreamDropoutDev_BaselineLanguage_Fast_SaveLast_NoFinePOS.py	Slovak	Slovak	RANDOM_BY_TYPE	18	1.98177278854e-06	1.6561936336	1976419	5.45925843336
yWithMorphologySequentialStreamDropoutDev_BaselineLanguage_Fast_SaveLast_NoFinePOS.py	Slovak	Slovak	RANDOM_BY_TYPE	19	0	1.6561936336	1976419	5.45925843336
yWithMorphologySequentialStreamDropoutDev_BaselineLanguage_Fast_SaveLast_NoFinePOS.py	Slovak	Slovak	RANDOM_BY_TYPE	1	1.38752875467	1.60462708881	7327104	5.43954055918
yWithMorphologySequentialStreamDropoutDev_BaselineLanguage_Fast_SaveLast_NoFinePOS.py	Slovak	Slovak	RANDOM_BY_TYPE	2	0.12053181578	1.60462708881	7327104	5.43954055918
yWithMorphologySequentialStreamDropoutDev_BaselineLanguage_Fast_SaveLast_NoFinePOS.py	Slovak	Slovak	RANDOM_BY_TYPE	3	0.0365618930696	1.60462708881	7327104	5.43954055918
yWithMorphologySequentialStreamDropoutDev_BaselineLanguage_Fast_SaveLast_NoFinePOS.py	Slovak	Slovak	RANDOM_BY_TYPE	4	0.0204122480873	1.60462708881	7327104	5.43954055918
yWithMorphologySequentialStreamDropoutDev_BaselineLanguage_Fast_SaveLast_NoFinePOS.py	Slovak	Slovak	RANDOM_BY_TYPE	5	0.0118331085737	1.60462708881	7327104	5.43954055918
yWithMorphologySequentialStreamDropoutDev_BaselineLanguage_Fast_SaveLast_NoFinePOS.py	Slovak	Slovak	RANDOM_BY_TYPE	6	0.0087293839618	1.60462708881	7327104	5.43954055918
yWithMorphologySequentialStreamDropoutDev_BaselineLanguage_Fast_SaveLast_NoFinePOS.py	Slovak	Slovak	RANDOM_BY_TYPE	7	0.00293677918715	1.60462708881	7327104	5.43954055918
yWithMorphologySequentialStreamDropoutDev_BaselineLanguage_Fast_SaveLast_NoFinePOS.py	Slovak	Slovak	RANDOM_BY_TYPE	8	0.00396251858097	1.60462708881	7327104	5.43954055918
yWithMorphologySequentialStreamDropoutDev_BaselineLanguage_Fast_SaveLast_NoFinePOS.py	Slovak	Slovak	RANDOM_BY_TYPE	9	0.0037206041078	1.60462708881	7327104	5.43954055918
yWithMorphologySequentialStreamDropoutDev_BaselineLanguage_Fast_SaveLast_NoFinePOS.py	Slovak	Slovak	RANDOM_BY_TYPE	10	0.00154505147509	1.60462708881	7327104	5.43954055918
yWithMorphologySequentialStreamDropoutDev_BaselineLanguage_Fast_SaveLast_NoFinePOS.py	Slovak	Slovak	RANDOM_BY_TYPE	11	0.0023672380676	1.60462708881	7327104	5.43954055918
yWithMorphologySequentialStreamDropoutDev_BaselineLanguage_Fast_SaveLast_NoFinePOS.py	Slovak	Slovak	RANDOM_BY_TYPE	12	0	1.60462708881	7327104	5.43954055918
yWithMorphologySequentialStreamDropoutDev_BaselineLanguage_Fast_SaveLast_NoFinePOS.py	Slovak	Slovak	RANDOM_BY_TYPE	13	0.00246939410086	1.60462708881	7327104	5.43954055918
yWithMorphologySequentialStreamDropoutDev_BaselineLanguage_Fast_SaveLast_NoFinePOS.py	Slovak	Slovak	RANDOM_BY_TYPE	14	0.000306367220944	1.60462708881	7327104	5.43954055918
yWithMorphologySequentialStreamDropoutDev_BaselineLanguage_Fast_SaveLast_NoFinePOS.py	Slovak	Slovak	RANDOM_BY_TYPE	15	0.000649160677439	1.60462708881	7327104	5.43954055918
yWithMorphologySequentialStreamDropoutDev_BaselineLanguage_Fast_SaveLast_NoFinePOS.py	Slovak	Slovak	RANDOM_BY_TYPE	16	0.000678673876475	1.60462708881	7327104	5.43954055918
yWithMorphologySequentialStreamDropoutDev_BaselineLanguage_Fast_SaveLast_NoFinePOS.py	Slovak	Slovak	RANDOM_BY_TYPE	17	0.000205006093195	1.60462708881	7327104	5.43954055918
yWithMorphologySequentialStreamDropoutDev_BaselineLanguage_Fast_SaveLast_NoFinePOS.py	Slovak	Slovak	RANDOM_BY_TYPE	18	0	1.60462708881	7327104	5.43954055918
yWithMorphologySequentialStreamDropoutDev_BaselineLanguage_Fast_SaveLast_NoFinePOS.py	Slovak	Slovak	RANDOM_BY_TYPE	19	0.000546960838854	1.60462708881	7327104	5.43954055918
yWithMorphologySequentialStreamDropoutDev_BaselineLanguage_Fast_SaveLast_NoFinePOS.py	Slovak	Slovak	RANDOM_BY_TYPE	1	1.27096546554	1.54286426318	1031072	5.46891365402
yWithMorphologySequentialStreamDropoutDev_BaselineLanguage_Fast_SaveLast_NoFinePOS.py	Slovak	Slovak	RANDOM_BY_TYPE	2	0.159216326965	1.54286426318	1031072	5.46891365402
yWithMorphologySequentialStreamDropoutDev_BaselineLanguage_Fast_SaveLast_NoFinePOS.py	Slovak	Slovak	RANDOM_BY_TYPE	3	0.0510525228634	1.54286426318	1031072	5.46891365402
yWithMorphologySequentialStreamDropoutDev_BaselineLanguage_Fast_SaveLast_NoFinePOS.py	Slovak	Slovak	RANDOM_BY_TYPE	4	0.0244931432074	1.54286426318	1031072	5.46891365402
yWithMorphologySequentialStreamDropoutDev_BaselineLanguage_Fast_SaveLast_NoFinePOS.py	Slovak	Slovak	RANDOM_BY_TYPE	5	0.0120821540078	1.54286426318	1031072	5.46891365402
yWithMorphologySequentialStreamDropoutDev_BaselineLanguage_Fast_SaveLast_NoFinePOS.py	Slovak	Slovak	RANDOM_BY_TYPE	6	0.00645288433114	1.54286426318	1031072	5.46891365402
yWithMorphologySequentialStreamDropoutDev_BaselineLanguage_Fast_SaveLast_NoFinePOS.py	Slovak	Slovak	RANDOM_BY_TYPE	7	0.00602807663891	1.54286426318	1031072	5.46891365402
yWithMorphologySequentialStreamDropoutDev_BaselineLanguage_Fast_SaveLast_NoFinePOS.py	Slovak	Slovak	RANDOM_BY_TYPE	8	0.00407322628857	1.54286426318	1031072	5.46891365402
yWithMorphologySequentialStreamDropoutDev_BaselineLanguage_Fast_SaveLast_NoFinePOS.py	Slovak	Slovak	RANDOM_BY_TYPE	9	0.00195514024937	1.54286426318	1031072	5.46891365402
yWithMorphologySequentialStreamDropoutDev_BaselineLanguage_Fast_SaveLast_NoFinePOS.py	Slovak	Slovak	RANDOM_BY_TYPE	10	0.00114898432608	1.54286426318	1031072	5.46891365402
yWithMorphologySequentialStreamDropoutDev_BaselineLanguage_Fast_SaveLast_NoFinePOS.py	Slovak	Slovak	RANDOM_BY_TYPE	11	0.00126817630578	1.54286426318	1031072	5.46891365402
yWithMorphologySequentialStreamDropoutDev_BaselineLanguage_Fast_SaveLast_NoFinePOS.py	Slovak	Slovak	RANDOM_BY_TYPE	12	0.00104299420363	1.54286426318	1031072	5.46891365402
yWithMorphologySequentialStreamDropoutDev_BaselineLanguage_Fast_SaveLast_NoFinePOS.py	Slovak	Slovak	RANDOM_BY_TYPE	13	0	1.54286426318	1031072	5.46891365402
yWithMorphologySequentialStreamDropoutDev_BaselineLanguage_Fast_SaveLast_NoFinePOS.py	Slovak	Slovak	RANDOM_BY_TYPE	14	0.000642195221496	1.54286426318	1031072	5.46891365402
yWithMorphologySequentialStreamDropoutDev_BaselineLanguage_Fast_SaveLast_NoFinePOS.py	Slovak	Slovak	RANDOM_BY_TYPE	15	0.000322534531763	1.54286426318	1031072	5.46891365402
yWithMorphologySequentialStreamDropoutDev_BaselineLanguage_Fast_SaveLast_NoFinePOS.py	Slovak	Slovak	RANDOM_BY_TYPE	16	0.000218474824135	1.54286426318	1031072	5.46891365402
yWithMorphologySequentialStreamDropoutDev_BaselineLanguage_Fast_SaveLast_NoFinePOS.py	Slovak	Slovak	RANDOM_BY_TYPE	17	0.000540897780902	1.54286426318	1031072	5.46891365402
yWithMorphologySequentialStreamDropoutDev_BaselineLanguage_Fast_SaveLast_NoFinePOS.py	Slovak	Slovak	RANDOM_BY_TYPE	18	0.00097196996212	1.54286426318	1031072	5.46891365402
yWithMorphologySequentialStreamDropoutDev_BaselineLanguage_Fast_SaveLast_NoFinePOS.py	Slovak	Slovak	RANDOM_BY_TYPE	19	0.000464285808067	1.54286426318	1031072	5.46891365402
yWithMorphologySequentialStreamDropoutDev_BaselineLanguage_Fast_SaveLast_NoFinePOS.py	Slovak	Slovak	RANDOM_BY_TYPE	1	1.41254620809	1.6398190542	9637162	5.45105617736
yWithMorphologySequentialStreamDropoutDev_BaselineLanguage_Fast_SaveLast_NoFinePOS.py	Slovak	Slovak	RANDOM_BY_TYPE	2	0.13515079099	1.6398190542	9637162	5.45105617736
yWithMorphologySequentialStreamDropoutDev_BaselineLanguage_Fast_SaveLast_NoFinePOS.py	Slovak	Slovak	RANDOM_BY_TYPE	3	0.0340427978398	1.6398190542	9637162	5.45105617736
yWithMorphologySequentialStreamDropoutDev_BaselineLanguage_Fast_SaveLast_NoFinePOS.py	Slovak	Slovak	RANDOM_BY_TYPE	4	0.0216284632275	1.6398190542	9637162	5.45105617736
yWithMorphologySequentialStreamDropoutDev_BaselineLanguage_Fast_SaveLast_NoFinePOS.py	Slovak	Slovak	RANDOM_BY_TYPE	5	0.0123005805767	1.6398190542	9637162	5.45105617736
yWithMorphologySequentialStreamDropoutDev_BaselineLanguage_Fast_SaveLast_NoFinePOS.py	Slovak	Slovak	RANDOM_BY_TYPE	6	0.00939040343239	1.6398190542	9637162	5.45105617736
yWithMorphologySequentialStreamDropoutDev_BaselineLanguage_Fast_SaveLast_NoFinePOS.py	Slovak	Slovak	RANDOM_BY_TYPE	7	0.00482361733097	1.6398190542	9637162	5.45105617736
yWithMorphologySequentialStreamDropoutDev_BaselineLanguage_Fast_SaveLast_NoFinePOS.py	Slovak	Slovak	RANDOM_BY_TYPE	8	0.00213386971657	1.6398190542	9637162	5.45105617736
yWithMorphologySequentialStreamDropoutDev_BaselineLanguage_Fast_SaveLast_NoFinePOS.py	Slovak	Slovak	RANDOM_BY_TYPE	9	0.00129407329919	1.6398190542	9637162	5.45105617736
yWithMorphologySequentialStreamDropoutDev_BaselineLanguage_Fast_SaveLast_NoFinePOS.py	Slovak	Slovak	RANDOM_BY_TYPE	10	0.00457476667345	1.6398190542	9637162	5.45105617736
yWithMorphologySequentialStreamDropoutDev_BaselineLanguage_Fast_SaveLast_NoFinePOS.py	Slovak	Slovak	RANDOM_BY_TYPE	11	0.000453287199752	1.6398190542	9637162	5.45105617736
yWithMorphologySequentialStreamDropoutDev_BaselineLanguage_Fast_SaveLast_NoFinePOS.py	Slovak	Slovak	RANDOM_BY_TYPE	12	0.00136783253657	1.6398190542	9637162	5.45105617736
yWithMorphologySequentialStreamDropoutDev_BaselineLanguage_Fast_SaveLast_NoFinePOS.py	Slovak	Slovak	RANDOM_BY_TYPE	13	0	1.6398190542	9637162	5.45105617736
yWithMorphologySequentialStreamDropoutDev_BaselineLanguage_Fast_SaveLast_NoFinePOS.py	Slovak	Slovak	RANDOM_BY_TYPE	14	0.000665280263718	1.6398190542	9637162	5.45105617736
yWithMorphologySequentialStreamDropoutDev_BaselineLanguage_Fast_SaveLast_NoFinePOS.py	Slovak	Slovak	RANDOM_BY_TYPE	15	0	1.6398190542	9637162	5.45105617736
yWithMorphologySequentialStreamDropoutDev_BaselineLanguage_Fast_SaveLast_NoFinePOS.py	Slovak	Slovak	RANDOM_BY_TYPE	16	0	1.6398190542	9637162	5.45105617736
yWithMorphologySequentialStreamDropoutDev_BaselineLanguage_Fast_SaveLast_NoFinePOS.py	Slovak	Slovak	RANDOM_BY_TYPE	17	0.000188771706738	1.6398190542	9637162	5.45105617736
yWithMorphologySequentialStreamDropoutDev_BaselineLanguage_Fast_SaveLast_NoFinePOS.py	Slovak	Slovak	RANDOM_BY_TYPE	18	0.000106585556514	1.6398190542	9637162	5.45105617736
yWithMorphologySequentialStreamDropoutDev_BaselineLanguage_Fast_SaveLast_NoFinePOS.py	Slovak	Slovak	RANDOM_BY_TYPE	19	0	1.6398190542	9637162	5.45105617736
yWithMorphologySequentialStreamDropoutDev_BaselineLanguage_Fast_SaveLast_NoFinePOS.py	Slovak	Slovak	RANDOM_BY_TYPE	1	1.28696984881	1.60354670445	700463223	5.47121464463
yWithMorphologySequentialStreamDropoutDev_BaselineLanguage_Fast_SaveLast_NoFinePOS.py	Slovak	Slovak	RANDOM_BY_TYPE	2	0.179992374206	1.60354670445	700463223	5.47121464463
yWithMorphologySequentialStreamDropoutDev_BaselineLanguage_Fast_SaveLast_NoFinePOS.py	Slovak	Slovak	RANDOM_BY_TYPE	3	0.0527374080599	1.60354670445	700463223	5.47121464463
yWithMorphologySequentialStreamDropoutDev_BaselineLanguage_Fast_SaveLast_NoFinePOS.py	Slovak	Slovak	RANDOM_BY_TYPE	4	0.0353559718557	1.60354670445	700463223	5.47121464463
yWithMorphologySequentialStreamDropoutDev_BaselineLanguage_Fast_SaveLast_NoFinePOS.py	Slovak	Slovak	RANDOM_BY_TYPE	5	0.0178074903276	1.60354670445	700463223	5.47121464463
yWithMorphologySequentialStreamDropoutDev_BaselineLanguage_Fast_SaveLast_NoFinePOS.py	Slovak	Slovak	RANDOM_BY_TYPE	6	0.0121664633081	1.60354670445	700463223	5.47121464463
yWithMorphologySequentialStreamDropoutDev_BaselineLanguage_Fast_SaveLast_NoFinePOS.py	Slovak	Slovak	RANDOM_BY_TYPE	7	0	1.60354670445	700463223	5.47121464463
yWithMorphologySequentialStreamDropoutDev_BaselineLanguage_Fast_SaveLast_NoFinePOS.py	Slovak	Slovak	RANDOM_BY_TYPE	8	0.00681059703435	1.60354670445	700463223	5.47121464463
yWithMorphologySequentialStreamDropoutDev_BaselineLanguage_Fast_SaveLast_NoFinePOS.py	Slovak	Slovak	RANDOM_BY_TYPE	9	0.00258320704715	1.60354670445	700463223	5.47121464463
yWithMorphologySequentialStreamDropoutDev_BaselineLanguage_Fast_SaveLast_NoFinePOS.py	Slovak	Slovak	RANDOM_BY_TYPE	10	0.00245441312659	1.60354670445	700463223	5.47121464463
yWithMorphologySequentialStreamDropoutDev_BaselineLanguage_Fast_SaveLast_NoFinePOS.py	Slovak	Slovak	RANDOM_BY_TYPE	11	0.0021051076177	1.60354670445	700463223	5.47121464463
yWithMorphologySequentialStreamDropoutDev_BaselineLanguage_Fast_SaveLast_NoFinePOS.py	Slovak	Slovak	RANDOM_BY_TYPE	12	0.00193235759866	1.60354670445	700463223	5.47121464463
yWithMorphologySequentialStreamDropoutDev_BaselineLanguage_Fast_SaveLast_NoFinePOS.py	Slovak	Slovak	RANDOM_BY_TYPE	13	0.000921850090157	1.60354670445	700463223	5.47121464463
yWithMorphologySequentialStreamDropoutDev_BaselineLanguage_Fast_SaveLast_NoFinePOS.py	Slovak	Slovak	RANDOM_BY_TYPE	14	0.00123850968603	1.60354670445	700463223	5.47121464463
yWithMorphologySequentialStreamDropoutDev_BaselineLanguage_Fast_SaveLast_NoFinePOS.py	Slovak	Slovak	RANDOM_BY_TYPE	15	0	1.60354670445	700463223	5.47121464463
yWithMorphologySequentialStreamDropoutDev_BaselineLanguage_Fast_SaveLast_NoFinePOS.py	Slovak	Slovak	RANDOM_BY_TYPE	16	0.000522793155827	1.60354670445	700463223	5.47121464463
yWithMorphologySequentialStreamDropoutDev_BaselineLanguage_Fast_SaveLast_NoFinePOS.py	Slovak	Slovak	RANDOM_BY_TYPE	17	0	1.60354670445	700463223	5.47121464463
yWithMorphologySequentialStreamDropoutDev_BaselineLanguage_Fast_SaveLast_NoFinePOS.py	Slovak	Slovak	RANDOM_BY_TYPE	18	0.000107063455125	1.60354670445	700463223	5.47121464463
yWithMorphologySequentialStreamDropoutDev_BaselineLanguage_Fast_SaveLast_NoFinePOS.py	Slovak	Slovak	RANDOM_BY_TYPE	19	0.000665550199273	1.60354670445	700463223	5.47121464463
yWithMorphologySequentialStreamDropoutDev_BaselineLanguage_Fast_SaveLast_NoFinePOS.py	Slovak	Slovak	RANDOM_BY_TYPE	1	1.34266297144	1.58990234263	818370	5.47557907215
yWithMorphologySequentialStreamDropoutDev_BaselineLanguage_Fast_SaveLast_NoFinePOS.py	Slovak	Slovak	RANDOM_BY_TYPE	2	0.14055814445	1.58990234263	818370	5.47557907215
yWithMorphologySequentialStreamDropoutDev_BaselineLanguage_Fast_SaveLast_NoFinePOS.py	Slovak	Slovak	RANDOM_BY_TYPE	3	0.0445349685542	1.58990234263	818370	5.47557907215
yWithMorphologySequentialStreamDropoutDev_BaselineLanguage_Fast_SaveLast_NoFinePOS.py	Slovak	Slovak	RANDOM_BY_TYPE	4	0.0181442806574	1.58990234263	818370	5.47557907215
yWithMorphologySequentialStreamDropoutDev_BaselineLanguage_Fast_SaveLast_NoFinePOS.py	Slovak	Slovak	RANDOM_BY_TYPE	5	0.0121469749163	1.58990234263	818370	5.47557907215
yWithMorphologySequentialStreamDropoutDev_BaselineLanguage_Fast_SaveLast_NoFinePOS.py	Slovak	Slovak	RANDOM_BY_TYPE	6	0.0068514478125	1.58990234263	818370	5.47557907215
yWithMorphologySequentialStreamDropoutDev_BaselineLanguage_Fast_SaveLast_NoFinePOS.py	Slovak	Slovak	RANDOM_BY_TYPE	7	0.008302448792	1.58990234263	818370	5.47557907215
yWithMorphologySequentialStreamDropoutDev_BaselineLanguage_Fast_SaveLast_NoFinePOS.py	Slovak	Slovak	RANDOM_BY_TYPE	8	0.00468144763822	1.58990234263	818370	5.47557907215
yWithMorphologySequentialStreamDropoutDev_BaselineLanguage_Fast_SaveLast_NoFinePOS.py	Slovak	Slovak	RANDOM_BY_TYPE	9	0.00272601344814	1.58990234263	818370	5.47557907215
yWithMorphologySequentialStreamDropoutDev_BaselineLanguage_Fast_SaveLast_NoFinePOS.py	Slovak	Slovak	RANDOM_BY_TYPE	10	0.00277081136018	1.58990234263	818370	5.47557907215
yWithMorphologySequentialStreamDropoutDev_BaselineLanguage_Fast_SaveLast_NoFinePOS.py	Slovak	Slovak	RANDOM_BY_TYPE	11	0.00232814497327	1.58990234263	818370	5.47557907215
yWithMorphologySequentialStreamDropoutDev_BaselineLanguage_Fast_SaveLast_NoFinePOS.py	Slovak	Slovak	RANDOM_BY_TYPE	12	0.00106265267281	1.58990234263	818370	5.47557907215
yWithMorphologySequentialStreamDropoutDev_BaselineLanguage_Fast_SaveLast_NoFinePOS.py	Slovak	Slovak	RANDOM_BY_TYPE	13	0.000867027656673	1.58990234263	818370	5.47557907215
yWithMorphologySequentialStreamDropoutDev_BaselineLanguage_Fast_SaveLast_NoFinePOS.py	Slovak	Slovak	RANDOM_BY_TYPE	14	0.000481773525068	1.58990234263	818370	5.47557907215
yWithMorphologySequentialStreamDropoutDev_BaselineLanguage_Fast_SaveLast_NoFinePOS.py	Slovak	Slovak	RANDOM_BY_TYPE	15	0.000549563030674	1.58990234263	818370	5.47557907215
yWithMorphologySequentialStreamDropoutDev_BaselineLanguage_Fast_SaveLast_NoFinePOS.py	Slovak	Slovak	RANDOM_BY_TYPE	16	0.000400844583773	1.58990234263	818370	5.47557907215
yWithMorphologySequentialStreamDropoutDev_BaselineLanguage_Fast_SaveLast_NoFinePOS.py	Slovak	Slovak	RANDOM_BY_TYPE	17	0.000239263209578	1.58990234263	818370	5.47557907215
yWithMorphologySequentialStreamDropoutDev_BaselineLanguage_Fast_SaveLast_NoFinePOS.py	Slovak	Slovak	RANDOM_BY_TYPE	18	0.000370818539841	1.58990234263	818370	5.47557907215
yWithMorphologySequentialStreamDropoutDev_BaselineLanguage_Fast_SaveLast_NoFinePOS.py	Slovak	Slovak	RANDOM_BY_TYPE	19	0.000222745374457	1.58990234263	818370	5.47557907215
yWithMorphologySequentialStreamDropoutDev_BaselineLanguage_Fast_SaveLast_NoFinePOS.py	Slovak	Slovak	RANDOM_BY_TYPE	1	1.16238763275	1.5260265988	8227177	5.49499490849
yWithMorphologySequentialStreamDropoutDev_BaselineLanguage_Fast_SaveLast_NoFinePOS.py	Slovak	Slovak	RANDOM_BY_TYPE	2	0.231247912123	1.5260265988	8227177	5.49499490849
yWithMorphologySequentialStreamDropoutDev_BaselineLanguage_Fast_SaveLast_NoFinePOS.py	Slovak	Slovak	RANDOM_BY_TYPE	3	0.0634556723376	1.5260265988	8227177	5.49499490849
yWithMorphologySequentialStreamDropoutDev_BaselineLanguage_Fast_SaveLast_NoFinePOS.py	Slovak	Slovak	RANDOM_BY_TYPE	4	0.0337584259167	1.5260265988	8227177	5.49499490849
yWithMorphologySequentialStreamDropoutDev_BaselineLanguage_Fast_SaveLast_NoFinePOS.py	Slovak	Slovak	RANDOM_BY_TYPE	5	0.0146717714529	1.5260265988	8227177	5.49499490849
yWithMorphologySequentialStreamDropoutDev_BaselineLanguage_Fast_SaveLast_NoFinePOS.py	Slovak	Slovak	RANDOM_BY_TYPE	6	0.0080307555117	1.5260265988	8227177	5.49499490849
yWithMorphologySequentialStreamDropoutDev_BaselineLanguage_Fast_SaveLast_NoFinePOS.py	Slovak	Slovak	RANDOM_BY_TYPE	7	0.00189877507621	1.5260265988	8227177	5.49499490849
yWithMorphologySequentialStreamDropoutDev_BaselineLanguage_Fast_SaveLast_NoFinePOS.py	Slovak	Slovak	RANDOM_BY_TYPE	8	0.00166812265572	1.5260265988	8227177	5.49499490849
yWithMorphologySequentialStreamDropoutDev_BaselineLanguage_Fast_SaveLast_NoFinePOS.py	Slovak	Slovak	RANDOM_BY_TYPE	9	0.00320521433876	1.5260265988	8227177	5.49499490849
yWithMorphologySequentialStreamDropoutDev_BaselineLanguage_Fast_SaveLast_NoFinePOS.py	Slovak	Slovak	RANDOM_BY_TYPE	10	0.00123592517147	1.5260265988	8227177	5.49499490849
yWithMorphologySequentialStreamDropoutDev_BaselineLanguage_Fast_SaveLast_NoFinePOS.py	Slovak	Slovak	RANDOM_BY_TYPE	11	0.0014303732	1.5260265988	8227177	5.49499490849
yWithMorphologySequentialStreamDropoutDev_BaselineLanguage_Fast_SaveLast_NoFinePOS.py	Slovak	Slovak	RANDOM_BY_TYPE	12	0.00226162794518	1.5260265988	8227177	5.49499490849
yWithMorphologySequentialStreamDropoutDev_BaselineLanguage_Fast_SaveLast_NoFinePOS.py	Slovak	Slovak	RANDOM_BY_TYPE	13	0	1.5260265988	8227177	5.49499490849
yWithMorphologySequentialStreamDropoutDev_BaselineLanguage_Fast_SaveLast_NoFinePOS.py	Slovak	Slovak	RANDOM_BY_TYPE	14	0.000753969933889	1.5260265988	8227177	5.49499490849
yWithMorphologySequentialStreamDropoutDev_BaselineLanguage_Fast_SaveLast_NoFinePOS.py	Slovak	Slovak	RANDOM_BY_TYPE	15	0	1.5260265988	8227177	5.49499490849
yWithMorphologySequentialStreamDropoutDev_BaselineLanguage_Fast_SaveLast_NoFinePOS.py	Slovak	Slovak	RANDOM_BY_TYPE	16	0	1.5260265988	8227177	5.49499490849
yWithMorphologySequentialStreamDropoutDev_BaselineLanguage_Fast_SaveLast_NoFinePOS.py	Slovak	Slovak	RANDOM_BY_TYPE	17	0.000436734091746	1.5260265988	8227177	5.49499490849
yWithMorphologySequentialStreamDropoutDev_BaselineLanguage_Fast_SaveLast_NoFinePOS.py	Slovak	Slovak	RANDOM_BY_TYPE	18	0.000116520589345	1.5260265988	8227177	5.49499490849
yWithMorphologySequentialStreamDropoutDev_BaselineLanguage_Fast_SaveLast_NoFinePOS.py	Slovak	Slovak	RANDOM_BY_TYPE	19	6.03893031803e-06	1.5260265988	8227177	5.49499490849
yWithMorphologySequentialStreamDropoutDev_BaselineLanguage_Fast_SaveLast_NoFinePOS.py	Slovak	Slovak	RANDOM_BY_TYPE	1	1.20130694174	1.56466618474	8292374	5.48951583125
yWithMorphologySequentialStreamDropoutDev_BaselineLanguage_Fast_SaveLast_NoFinePOS.py	Slovak	Slovak	RANDOM_BY_TYPE	2	0.233133049779	1.56466618474	8292374	5.48951583125
yWithMorphologySequentialStreamDropoutDev_BaselineLanguage_Fast_SaveLast_NoFinePOS.py	Slovak	Slovak	RANDOM_BY_TYPE	3	0.0567627480994	1.56466618474	8292374	5.48951583125
yWithMorphologySequentialStreamDropoutDev_BaselineLanguage_Fast_SaveLast_NoFinePOS.py	Slovak	Slovak	RANDOM_BY_TYPE	4	0.0267670351757	1.56466618474	8292374	5.48951583125
yWithMorphologySequentialStreamDropoutDev_BaselineLanguage_Fast_SaveLast_NoFinePOS.py	Slovak	Slovak	RANDOM_BY_TYPE	5	0.012713026878	1.56466618474	8292374	5.48951583125
yWithMorphologySequentialStreamDropoutDev_BaselineLanguage_Fast_SaveLast_NoFinePOS.py	Slovak	Slovak	RANDOM_BY_TYPE	6	0.0084210612186	1.56466618474	8292374	5.48951583125
yWithMorphologySequentialStreamDropoutDev_BaselineLanguage_Fast_SaveLast_NoFinePOS.py	Slovak	Slovak	RANDOM_BY_TYPE	7	0.0050117670265	1.56466618474	8292374	5.48951583125
yWithMorphologySequentialStreamDropoutDev_BaselineLanguage_Fast_SaveLast_NoFinePOS.py	Slovak	Slovak	RANDOM_BY_TYPE	8	0.00625832452349	1.56466618474	8292374	5.48951583125
yWithMorphologySequentialStreamDropoutDev_BaselineLanguage_Fast_SaveLast_NoFinePOS.py	Slovak	Slovak	RANDOM_BY_TYPE	9	0.00594419702275	1.56466618474	8292374	5.48951583125
yWithMorphologySequentialStreamDropoutDev_BaselineLanguage_Fast_SaveLast_NoFinePOS.py	Slovak	Slovak	RANDOM_BY_TYPE	10	0.00189016689993	1.56466618474	8292374	5.48951583125
yWithMorphologySequentialStreamDropoutDev_BaselineLanguage_Fast_SaveLast_NoFinePOS.py	Slovak	Slovak	RANDOM_BY_TYPE	11	0.0024758363015	1.56466618474	8292374	5.48951583125
yWithMorphologySequentialStreamDropoutDev_BaselineLanguage_Fast_SaveLast_NoFinePOS.py	Slovak	Slovak	RANDOM_BY_TYPE	12	0.00144554862421	1.56466618474	8292374	5.48951583125
yWithMorphologySequentialStreamDropoutDev_BaselineLanguage_Fast_SaveLast_NoFinePOS.py	Slovak	Slovak	RANDOM_BY_TYPE	13	0.00165699071264	1.56466618474	8292374	5.48951583125
yWithMorphologySequentialStreamDropoutDev_BaselineLanguage_Fast_SaveLast_NoFinePOS.py	Slovak	Slovak	RANDOM_BY_TYPE	14	0.00066073169447	1.56466618474	8292374	5.48951583125
yWithMorphologySequentialStreamDropoutDev_BaselineLanguage_Fast_SaveLast_NoFinePOS.py	Slovak	Slovak	RANDOM_BY_TYPE	15	0	1.56466618474	8292374	5.48951583125
yWithMorphologySequentialStreamDropoutDev_BaselineLanguage_Fast_SaveLast_NoFinePOS.py	Slovak	Slovak	RANDOM_BY_TYPE	16	0.000188266332835	1.56466618474	8292374	5.48951583125
yWithMorphologySequentialStreamDropoutDev_BaselineLanguage_Fast_SaveLast_NoFinePOS.py	Slovak	Slovak	RANDOM_BY_TYPE	17	0.000357395573838	1.56466618474	8292374	5.48951583125
yWithMorphologySequentialStreamDropoutDev_BaselineLanguage_Fast_SaveLast_NoFinePOS.py	Slovak	Slovak	RANDOM_BY_TYPE	18	0	1.56466618474	8292374	5.48951583125
yWithMorphologySequentialStreamDropoutDev_BaselineLanguage_Fast_SaveLast_NoFinePOS.py	Slovak	Slovak	RANDOM_BY_TYPE	19	0	1.56466618474	8292374	5.48951583125
yWithMorphologySequentialStreamDropoutDev_BaselineLanguage_Fast_SaveLast_NoFinePOS.py	Slovak	Slovak	RANDOM_BY_TYPE	1	1.3938915892	1.62460156124	8886281	5.47973999602
yWithMorphologySequentialStreamDropoutDev_BaselineLanguage_Fast_SaveLast_NoFinePOS.py	Slovak	Slovak	RANDOM_BY_TYPE	2	0.155044349783	1.62460156124	8886281	5.47973999602
yWithMorphologySequentialStreamDropoutDev_BaselineLanguage_Fast_SaveLast_NoFinePOS.py	Slovak	Slovak	RANDOM_BY_TYPE	3	0.030836553443	1.62460156124	8886281	5.47973999602
yWithMorphologySequentialStreamDropoutDev_BaselineLanguage_Fast_SaveLast_NoFinePOS.py	Slovak	Slovak	RANDOM_BY_TYPE	4	0.0121228860666	1.62460156124	8886281	5.47973999602
yWithMorphologySequentialStreamDropoutDev_BaselineLanguage_Fast_SaveLast_NoFinePOS.py	Slovak	Slovak	RANDOM_BY_TYPE	5	0.0109029733155	1.62460156124	8886281	5.47973999602
yWithMorphologySequentialStreamDropoutDev_BaselineLanguage_Fast_SaveLast_NoFinePOS.py	Slovak	Slovak	RANDOM_BY_TYPE	6	0.00766561904999	1.62460156124	8886281	5.47973999602
yWithMorphologySequentialStreamDropoutDev_BaselineLanguage_Fast_SaveLast_NoFinePOS.py	Slovak	Slovak	RANDOM_BY_TYPE	7	0.00263278018938	1.62460156124	8886281	5.47973999602
yWithMorphologySequentialStreamDropoutDev_BaselineLanguage_Fast_SaveLast_NoFinePOS.py	Slovak	Slovak	RANDOM_BY_TYPE	8	0.00433446181147	1.62460156124	8886281	5.47973999602
yWithMorphologySequentialStreamDropoutDev_BaselineLanguage_Fast_SaveLast_NoFinePOS.py	Slovak	Slovak	RANDOM_BY_TYPE	9	0.000279081235194	1.62460156124	8886281	5.47973999602
yWithMorphologySequentialStreamDropoutDev_BaselineLanguage_Fast_SaveLast_NoFinePOS.py	Slovak	Slovak	RANDOM_BY_TYPE	10	0.000526106357574	1.62460156124	8886281	5.47973999602
yWithMorphologySequentialStreamDropoutDev_BaselineLanguage_Fast_SaveLast_NoFinePOS.py	Slovak	Slovak	RANDOM_BY_TYPE	11	0.00168325268242	1.62460156124	8886281	5.47973999602
yWithMorphologySequentialStreamDropoutDev_BaselineLanguage_Fast_SaveLast_NoFinePOS.py	Slovak	Slovak	RANDOM_BY_TYPE	12	0.0011806754625	1.62460156124	8886281	5.47973999602
yWithMorphologySequentialStreamDropoutDev_BaselineLanguage_Fast_SaveLast_NoFinePOS.py	Slovak	Slovak	RANDOM_BY_TYPE	13	0.0015587735666	1.62460156124	8886281	5.47973999602
yWithMorphologySequentialStreamDropoutDev_BaselineLanguage_Fast_SaveLast_NoFinePOS.py	Slovak	Slovak	RANDOM_BY_TYPE	14	0.000465016658992	1.62460156124	8886281	5.47973999602
yWithMorphologySequentialStreamDropoutDev_BaselineLanguage_Fast_SaveLast_NoFinePOS.py	Slovak	Slovak	RANDOM_BY_TYPE	15	0.000683389052953	1.62460156124	8886281	5.47973999602
yWithMorphologySequentialStreamDropoutDev_BaselineLanguage_Fast_SaveLast_NoFinePOS.py	Slovak	Slovak	RANDOM_BY_TYPE	16	0.000417843910113	1.62460156124	8886281	5.47973999602
yWithMorphologySequentialStreamDropoutDev_BaselineLanguage_Fast_SaveLast_NoFinePOS.py	Slovak	Slovak	RANDOM_BY_TYPE	17	0.000187029577281	1.62460156124	8886281	5.47973999602
yWithMorphologySequentialStreamDropoutDev_BaselineLanguage_Fast_SaveLast_NoFinePOS.py	Slovak	Slovak	RANDOM_BY_TYPE	18	0	1.62460156124	8886281	5.47973999602
yWithMorphologySequentialStreamDropoutDev_BaselineLanguage_Fast_SaveLast_NoFinePOS.py	Slovak	Slovak	RANDOM_BY_TYPE	19	0.000496861665217	1.62460156124	8886281	5.47973999602
yWithMorphologySequentialStreamDropoutDev_BaselineLanguage_Fast_SaveLast_NoFinePOS.py	Slovak	Slovak	RANDOM_BY_TYPE	1	1.24750709366	1.57854747184	6236155	5.47797779343
yWithMorphologySequentialStreamDropoutDev_BaselineLanguage_Fast_SaveLast_NoFinePOS.py	Slovak	Slovak	RANDOM_BY_TYPE	2	0.162770808682	1.57854747184	6236155	5.47797779343
yWithMorphologySequentialStreamDropoutDev_BaselineLanguage_Fast_SaveLast_NoFinePOS.py	Slovak	Slovak	RANDOM_BY_TYPE	3	0.0681898419579	1.57854747184	6236155	5.47797779343
yWithMorphologySequentialStreamDropoutDev_BaselineLanguage_Fast_SaveLast_NoFinePOS.py	Slovak	Slovak	RANDOM_BY_TYPE	4	0.0405012797003	1.57854747184	6236155	5.47797779343
yWithMorphologySequentialStreamDropoutDev_BaselineLanguage_Fast_SaveLast_NoFinePOS.py	Slovak	Slovak	RANDOM_BY_TYPE	5	0.024166524941	1.57854747184	6236155	5.47797779343
yWithMorphologySequentialStreamDropoutDev_BaselineLanguage_Fast_SaveLast_NoFinePOS.py	Slovak	Slovak	RANDOM_BY_TYPE	6	0.00949968977334	1.57854747184	6236155	5.47797779343
yWithMorphologySequentialStreamDropoutDev_BaselineLanguage_Fast_SaveLast_NoFinePOS.py	Slovak	Slovak	RANDOM_BY_TYPE	7	0.00742477223481	1.57854747184	6236155	5.47797779343
yWithMorphologySequentialStreamDropoutDev_BaselineLanguage_Fast_SaveLast_NoFinePOS.py	Slovak	Slovak	RANDOM_BY_TYPE	8	0.00469455335238	1.57854747184	6236155	5.47797779343
yWithMorphologySequentialStreamDropoutDev_BaselineLanguage_Fast_SaveLast_NoFinePOS.py	Slovak	Slovak	RANDOM_BY_TYPE	9	0.00341841439678	1.57854747184	6236155	5.47797779343
yWithMorphologySequentialStreamDropoutDev_BaselineLanguage_Fast_SaveLast_NoFinePOS.py	Slovak	Slovak	RANDOM_BY_TYPE	10	0.00353274953692	1.57854747184	6236155	5.47797779343
yWithMorphologySequentialStreamDropoutDev_BaselineLanguage_Fast_SaveLast_NoFinePOS.py	Slovak	Slovak	RANDOM_BY_TYPE	11	0.0019680198333	1.57854747184	6236155	5.47797779343
yWithMorphologySequentialStreamDropoutDev_BaselineLanguage_Fast_SaveLast_NoFinePOS.py	Slovak	Slovak	RANDOM_BY_TYPE	12	0.00168806632904	1.57854747184	6236155	5.47797779343
yWithMorphologySequentialStreamDropoutDev_BaselineLanguage_Fast_SaveLast_NoFinePOS.py	Slovak	Slovak	RANDOM_BY_TYPE	13	0.00131710747333	1.57854747184	6236155	5.47797779343
yWithMorphologySequentialStreamDropoutDev_BaselineLanguage_Fast_SaveLast_NoFinePOS.py	Slovak	Slovak	RANDOM_BY_TYPE	14	0.00179426204668	1.57854747184	6236155	5.47797779343
yWithMorphologySequentialStreamDropoutDev_BaselineLanguage_Fast_SaveLast_NoFinePOS.py	Slovak	Slovak	RANDOM_BY_TYPE	15	0.0001922967091	1.57854747184	6236155	5.47797779343
yWithMorphologySequentialStreamDropoutDev_BaselineLanguage_Fast_SaveLast_NoFinePOS.py	Slovak	Slovak	RANDOM_BY_TYPE	16	0	1.57854747184	6236155	5.47797779343
yWithMorphologySequentialStreamDropoutDev_BaselineLanguage_Fast_SaveLast_NoFinePOS.py	Slovak	Slovak	RANDOM_BY_TYPE	17	0.000271684217127	1.57854747184	6236155	5.47797779343
yWithMorphologySequentialStreamDropoutDev_BaselineLanguage_Fast_SaveLast_NoFinePOS.py	Slovak	Slovak	RANDOM_BY_TYPE	18	0.000138813869594	1.57854747184	6236155	5.47797779343
yWithMorphologySequentialStreamDropoutDev_BaselineLanguage_Fast_SaveLast_NoFinePOS.py	Slovak	Slovak	RANDOM_BY_TYPE	19	0	1.57854747184	6236155	5.47797779343
yWithMorphologySequentialStreamDropoutDev_BaselineLanguage_Fast_SaveLast_NoFinePOS.py	Slovak	Slovak	RANDOM_BY_TYPE	1	1.25093129943	1.57830843681	6644955	5.50326125989
yWithMorphologySequentialStreamDropoutDev_BaselineLanguage_Fast_SaveLast_NoFinePOS.py	Slovak	Slovak	RANDOM_BY_TYPE	2	0.170568971479	1.57830843681	6644955	5.50326125989
yWithMorphologySequentialStreamDropoutDev_BaselineLanguage_Fast_SaveLast_NoFinePOS.py	Slovak	Slovak	RANDOM_BY_TYPE	3	0.0670812152836	1.57830843681	6644955	5.50326125989
yWithMorphologySequentialStreamDropoutDev_BaselineLanguage_Fast_SaveLast_NoFinePOS.py	Slovak	Slovak	RANDOM_BY_TYPE	4	0.0351994469558	1.57830843681	6644955	5.50326125989
yWithMorphologySequentialStreamDropoutDev_BaselineLanguage_Fast_SaveLast_NoFinePOS.py	Slovak	Slovak	RANDOM_BY_TYPE	5	0.0182510769531	1.57830843681	6644955	5.50326125989
yWithMorphologySequentialStreamDropoutDev_BaselineLanguage_Fast_SaveLast_NoFinePOS.py	Slovak	Slovak	RANDOM_BY_TYPE	6	0.00929628214607	1.57830843681	6644955	5.50326125989
yWithMorphologySequentialStreamDropoutDev_BaselineLanguage_Fast_SaveLast_NoFinePOS.py	Slovak	Slovak	RANDOM_BY_TYPE	7	0.00803424026052	1.57830843681	6644955	5.50326125989
yWithMorphologySequentialStreamDropoutDev_BaselineLanguage_Fast_SaveLast_NoFinePOS.py	Slovak	Slovak	RANDOM_BY_TYPE	8	0.00634303815561	1.57830843681	6644955	5.50326125989
yWithMorphologySequentialStreamDropoutDev_BaselineLanguage_Fast_SaveLast_NoFinePOS.py	Slovak	Slovak	RANDOM_BY_TYPE	9	0.00388836089062	1.57830843681	6644955	5.50326125989
yWithMorphologySequentialStreamDropoutDev_BaselineLanguage_Fast_SaveLast_NoFinePOS.py	Slovak	Slovak	RANDOM_BY_TYPE	10	0.00290136067835	1.57830843681	6644955	5.50326125989
yWithMorphologySequentialStreamDropoutDev_BaselineLanguage_Fast_SaveLast_NoFinePOS.py	Slovak	Slovak	RANDOM_BY_TYPE	11	0.00162479179363	1.57830843681	6644955	5.50326125989
yWithMorphologySequentialStreamDropoutDev_BaselineLanguage_Fast_SaveLast_NoFinePOS.py	Slovak	Slovak	RANDOM_BY_TYPE	12	0.00134945952729	1.57830843681	6644955	5.50326125989
yWithMorphologySequentialStreamDropoutDev_BaselineLanguage_Fast_SaveLast_NoFinePOS.py	Slovak	Slovak	RANDOM_BY_TYPE	13	0.00175099932168	1.57830843681	6644955	5.50326125989
yWithMorphologySequentialStreamDropoutDev_BaselineLanguage_Fast_SaveLast_NoFinePOS.py	Slovak	Slovak	RANDOM_BY_TYPE	14	0.000132359421416	1.57830843681	6644955	5.50326125989
yWithMorphologySequentialStreamDropoutDev_BaselineLanguage_Fast_SaveLast_NoFinePOS.py	Slovak	Slovak	RANDOM_BY_TYPE	15	3.66497937945e-05	1.57830843681	6644955	5.50326125989
yWithMorphologySequentialStreamDropoutDev_BaselineLanguage_Fast_SaveLast_NoFinePOS.py	Slovak	Slovak	RANDOM_BY_TYPE	16	0.000472086259764	1.57830843681	6644955	5.50326125989
yWithMorphologySequentialStreamDropoutDev_BaselineLanguage_Fast_SaveLast_NoFinePOS.py	Slovak	Slovak	RANDOM_BY_TYPE	17	0.000264060619759	1.57830843681	6644955	5.50326125989
yWithMorphologySequentialStreamDropoutDev_BaselineLanguage_Fast_SaveLast_NoFinePOS.py	Slovak	Slovak	RANDOM_BY_TYPE	18	0	1.57830843681	6644955	5.50326125989
yWithMorphologySequentialStreamDropoutDev_BaselineLanguage_Fast_SaveLast_NoFinePOS.py	Slovak	Slovak	RANDOM_BY_TYPE	19	0.00035504568113	1.57830843681	6644955	5.50326125989
yWithMorphologySequentialStreamDropoutDev_BaselineLanguage_Fast_SaveLast_NoFinePOS.py	Slovak	Slovak	RANDOM_BY_TYPE	1	1.34926680286	1.59443176209	3409997	5.48741338669
yWithMorphologySequentialStreamDropoutDev_BaselineLanguage_Fast_SaveLast_NoFinePOS.py	Slovak	Slovak	RANDOM_BY_TYPE	2	0.142430147243	1.59443176209	3409997	5.48741338669
yWithMorphologySequentialStreamDropoutDev_BaselineLanguage_Fast_SaveLast_NoFinePOS.py	Slovak	Slovak	RANDOM_BY_TYPE	3	0.038668102026	1.59443176209	3409997	5.48741338669
yWithMorphologySequentialStreamDropoutDev_BaselineLanguage_Fast_SaveLast_NoFinePOS.py	Slovak	Slovak	RANDOM_BY_TYPE	4	0.0237165372666	1.59443176209	3409997	5.48741338669
yWithMorphologySequentialStreamDropoutDev_BaselineLanguage_Fast_SaveLast_NoFinePOS.py	Slovak	Slovak	RANDOM_BY_TYPE	5	0.0116164056406	1.59443176209	3409997	5.48741338669
yWithMorphologySequentialStreamDropoutDev_BaselineLanguage_Fast_SaveLast_NoFinePOS.py	Slovak	Slovak	RANDOM_BY_TYPE	6	0.00852864580612	1.59443176209	3409997	5.48741338669
yWithMorphologySequentialStreamDropoutDev_BaselineLanguage_Fast_SaveLast_NoFinePOS.py	Slovak	Slovak	RANDOM_BY_TYPE	7	0.00554343368093	1.59443176209	3409997	5.48741338669
yWithMorphologySequentialStreamDropoutDev_BaselineLanguage_Fast_SaveLast_NoFinePOS.py	Slovak	Slovak	RANDOM_BY_TYPE	8	0.00426833066222	1.59443176209	3409997	5.48741338669
yWithMorphologySequentialStreamDropoutDev_BaselineLanguage_Fast_SaveLast_NoFinePOS.py	Slovak	Slovak	RANDOM_BY_TYPE	9	0.00170528166098	1.59443176209	3409997	5.48741338669
yWithMorphologySequentialStreamDropoutDev_BaselineLanguage_Fast_SaveLast_NoFinePOS.py	Slovak	Slovak	RANDOM_BY_TYPE	10	0.00233428935482	1.59443176209	3409997	5.48741338669
yWithMorphologySequentialStreamDropoutDev_BaselineLanguage_Fast_SaveLast_NoFinePOS.py	Slovak	Slovak	RANDOM_BY_TYPE	11	0.00394579988636	1.59443176209	3409997	5.48741338669
yWithMorphologySequentialStreamDropoutDev_BaselineLanguage_Fast_SaveLast_NoFinePOS.py	Slovak	Slovak	RANDOM_BY_TYPE	12	0.000866430957023	1.59443176209	3409997	5.48741338669
yWithMorphologySequentialStreamDropoutDev_BaselineLanguage_Fast_SaveLast_NoFinePOS.py	Slovak	Slovak	RANDOM_BY_TYPE	13	0.000204606987026	1.59443176209	3409997	5.48741338669
yWithMorphologySequentialStreamDropoutDev_BaselineLanguage_Fast_SaveLast_NoFinePOS.py	Slovak	Slovak	RANDOM_BY_TYPE	14	0.000185289080829	1.59443176209	3409997	5.48741338669
yWithMorphologySequentialStreamDropoutDev_BaselineLanguage_Fast_SaveLast_NoFinePOS.py	Slovak	Slovak	RANDOM_BY_TYPE	15	0	1.59443176209	3409997	5.48741338669
yWithMorphologySequentialStreamDropoutDev_BaselineLanguage_Fast_SaveLast_NoFinePOS.py	Slovak	Slovak	RANDOM_BY_TYPE	16	0.000673499254332	1.59443176209	3409997	5.48741338669
yWithMorphologySequentialStreamDropoutDev_BaselineLanguage_Fast_SaveLast_NoFinePOS.py	Slovak	Slovak	RANDOM_BY_TYPE	17	0	1.59443176209	3409997	5.48741338669
yWithMorphologySequentialStreamDropoutDev_BaselineLanguage_Fast_SaveLast_NoFinePOS.py	Slovak	Slovak	RANDOM_BY_TYPE	18	0.000149499839299	1.59443176209	3409997	5.48741338669
yWithMorphologySequentialStreamDropoutDev_BaselineLanguage_Fast_SaveLast_NoFinePOS.py	Slovak	Slovak	RANDOM_BY_TYPE	19	0.000589521862056	1.59443176209	3409997	5.48741338669
yWithMorphologySequentialStreamDropoutDev_BaselineLanguage_Fast_SaveLast_NoFinePOS.py	Slovak	Slovak	RANDOM_BY_TYPE	1	1.32610917679	1.63864600667	9234840	5.48974788822
yWithMorphologySequentialStreamDropoutDev_BaselineLanguage_Fast_SaveLast_NoFinePOS.py	Slovak	Slovak	RANDOM_BY_TYPE	2	0.202957067833	1.63864600667	9234840	5.48974788822
yWithMorphologySequentialStreamDropoutDev_BaselineLanguage_Fast_SaveLast_NoFinePOS.py	Slovak	Slovak	RANDOM_BY_TYPE	3	0.0427360211741	1.63864600667	9234840	5.48974788822
yWithMorphologySequentialStreamDropoutDev_BaselineLanguage_Fast_SaveLast_NoFinePOS.py	Slovak	Slovak	RANDOM_BY_TYPE	4	0.0225998685376	1.63864600667	9234840	5.48974788822
yWithMorphologySequentialStreamDropoutDev_BaselineLanguage_Fast_SaveLast_NoFinePOS.py	Slovak	Slovak	RANDOM_BY_TYPE	5	0.012622900001	1.63864600667	9234840	5.48974788822
yWithMorphologySequentialStreamDropoutDev_BaselineLanguage_Fast_SaveLast_NoFinePOS.py	Slovak	Slovak	RANDOM_BY_TYPE	6	0.00881022333282	1.63864600667	9234840	5.48974788822
yWithMorphologySequentialStreamDropoutDev_BaselineLanguage_Fast_SaveLast_NoFinePOS.py	Slovak	Slovak	RANDOM_BY_TYPE	7	0.00490931080629	1.63864600667	9234840	5.48974788822
yWithMorphologySequentialStreamDropoutDev_BaselineLanguage_Fast_SaveLast_NoFinePOS.py	Slovak	Slovak	RANDOM_BY_TYPE	8	0.00524025979924	1.63864600667	9234840	5.48974788822
yWithMorphologySequentialStreamDropoutDev_BaselineLanguage_Fast_SaveLast_NoFinePOS.py	Slovak	Slovak	RANDOM_BY_TYPE	9	0.00233268419357	1.63864600667	9234840	5.48974788822
yWithMorphologySequentialStreamDropoutDev_BaselineLanguage_Fast_SaveLast_NoFinePOS.py	Slovak	Slovak	RANDOM_BY_TYPE	10	0.00181684281728	1.63864600667	9234840	5.48974788822
yWithMorphologySequentialStreamDropoutDev_BaselineLanguage_Fast_SaveLast_NoFinePOS.py	Slovak	Slovak	RANDOM_BY_TYPE	11	0.00259424933832	1.63864600667	9234840	5.48974788822
yWithMorphologySequentialStreamDropoutDev_BaselineLanguage_Fast_SaveLast_NoFinePOS.py	Slovak	Slovak	RANDOM_BY_TYPE	12	0.000408909337161	1.63864600667	9234840	5.48974788822
yWithMorphologySequentialStreamDropoutDev_BaselineLanguage_Fast_SaveLast_NoFinePOS.py	Slovak	Slovak	RANDOM_BY_TYPE	13	0.00170017656398	1.63864600667	9234840	5.48974788822
yWithMorphologySequentialStreamDropoutDev_BaselineLanguage_Fast_SaveLast_NoFinePOS.py	Slovak	Slovak	RANDOM_BY_TYPE	14	0.00192851571188	1.63864600667	9234840	5.48974788822
yWithMorphologySequentialStreamDropoutDev_BaselineLanguage_Fast_SaveLast_NoFinePOS.py	Slovak	Slovak	RANDOM_BY_TYPE	15	0.000413733598304	1.63864600667	9234840	5.48974788822
yWithMorphologySequentialStreamDropoutDev_BaselineLanguage_Fast_SaveLast_NoFinePOS.py	Slovak	Slovak	RANDOM_BY_TYPE	16	0.000652364753697	1.63864600667	9234840	5.48974788822
yWithMorphologySequentialStreamDropoutDev_BaselineLanguage_Fast_SaveLast_NoFinePOS.py	Slovak	Slovak	RANDOM_BY_TYPE	17	0	1.63864600667	9234840	5.48974788822
yWithMorphologySequentialStreamDropoutDev_BaselineLanguage_Fast_SaveLast_NoFinePOS.py	Slovak	Slovak	RANDOM_BY_TYPE	18	0.00035153590653	1.63864600667	9234840	5.48974788822
yWithMorphologySequentialStreamDropoutDev_BaselineLanguage_Fast_SaveLast_NoFinePOS.py	Slovak	Slovak	RANDOM_BY_TYPE	19	0.000530356536173	1.63864600667	9234840	5.48974788822
yWithMorphologySequentialStreamDropoutDev_BaselineLanguage_Fast_SaveLast_NoFinePOS.py	Slovak	Slovak	RANDOM_BY_TYPE	1	1.33821307466	1.60903397207	406830685	5.46840032715
yWithMorphologySequentialStreamDropoutDev_BaselineLanguage_Fast_SaveLast_NoFinePOS.py	Slovak	Slovak	RANDOM_BY_TYPE	2	0.149669985208	1.60903397207	406830685	5.46840032715
yWithMorphologySequentialStreamDropoutDev_BaselineLanguage_Fast_SaveLast_NoFinePOS.py	Slovak	Slovak	RANDOM_BY_TYPE	3	0.0509928047249	1.60903397207	406830685	5.46840032715
yWithMorphologySequentialStreamDropoutDev_BaselineLanguage_Fast_SaveLast_NoFinePOS.py	Slovak	Slovak	RANDOM_BY_TYPE	4	0.0251292773306	1.60903397207	406830685	5.46840032715
yWithMorphologySequentialStreamDropoutDev_BaselineLanguage_Fast_SaveLast_NoFinePOS.py	Slovak	Slovak	RANDOM_BY_TYPE	5	0.0184947684611	1.60903397207	406830685	5.46840032715
yWithMorphologySequentialStreamDropoutDev_BaselineLanguage_Fast_SaveLast_NoFinePOS.py	Slovak	Slovak	RANDOM_BY_TYPE	6	0.00905437044901	1.60903397207	406830685	5.46840032715
yWithMorphologySequentialStreamDropoutDev_BaselineLanguage_Fast_SaveLast_NoFinePOS.py	Slovak	Slovak	RANDOM_BY_TYPE	7	0.00587947936091	1.60903397207	406830685	5.46840032715
yWithMorphologySequentialStreamDropoutDev_BaselineLanguage_Fast_SaveLast_NoFinePOS.py	Slovak	Slovak	RANDOM_BY_TYPE	8	0.0023447792824	1.60903397207	406830685	5.46840032715
yWithMorphologySequentialStreamDropoutDev_BaselineLanguage_Fast_SaveLast_NoFinePOS.py	Slovak	Slovak	RANDOM_BY_TYPE	9	0.00153494583417	1.60903397207	406830685	5.46840032715
yWithMorphologySequentialStreamDropoutDev_BaselineLanguage_Fast_SaveLast_NoFinePOS.py	Slovak	Slovak	RANDOM_BY_TYPE	10	0.00243729450931	1.60903397207	406830685	5.46840032715
yWithMorphologySequentialStreamDropoutDev_BaselineLanguage_Fast_SaveLast_NoFinePOS.py	Slovak	Slovak	RANDOM_BY_TYPE	11	0.00171769392	1.60903397207	406830685	5.46840032715
yWithMorphologySequentialStreamDropoutDev_BaselineLanguage_Fast_SaveLast_NoFinePOS.py	Slovak	Slovak	RANDOM_BY_TYPE	12	0.000638065599416	1.60903397207	406830685	5.46840032715
yWithMorphologySequentialStreamDropoutDev_BaselineLanguage_Fast_SaveLast_NoFinePOS.py	Slovak	Slovak	RANDOM_BY_TYPE	13	0.000958043704294	1.60903397207	406830685	5.46840032715
yWithMorphologySequentialStreamDropoutDev_BaselineLanguage_Fast_SaveLast_NoFinePOS.py	Slovak	Slovak	RANDOM_BY_TYPE	14	0.000415228613435	1.60903397207	406830685	5.46840032715
yWithMorphologySequentialStreamDropoutDev_BaselineLanguage_Fast_SaveLast_NoFinePOS.py	Slovak	Slovak	RANDOM_BY_TYPE	15	0.000639746940299	1.60903397207	406830685	5.46840032715
yWithMorphologySequentialStreamDropoutDev_BaselineLanguage_Fast_SaveLast_NoFinePOS.py	Slovak	Slovak	RANDOM_BY_TYPE	16	0.000886299226382	1.60903397207	406830685	5.46840032715
yWithMorphologySequentialStreamDropoutDev_BaselineLanguage_Fast_SaveLast_NoFinePOS.py	Slovak	Slovak	RANDOM_BY_TYPE	17	0	1.60903397207	406830685	5.46840032715
yWithMorphologySequentialStreamDropoutDev_BaselineLanguage_Fast_SaveLast_NoFinePOS.py	Slovak	Slovak	RANDOM_BY_TYPE	18	0.000185843322375	1.60903397207	406830685	5.46840032715
yWithMorphologySequentialStreamDropoutDev_BaselineLanguage_Fast_SaveLast_NoFinePOS.py	Slovak	Slovak	RANDOM_BY_TYPE	19	0.000371404624965	1.60903397207	406830685	5.46840032715
yWithMorphologySequentialStreamDropoutDev_BaselineLanguage_Fast_SaveLast_NoFinePOS.py	Slovak	Slovak	RANDOM_BY_TYPE	1	1.32364908857	1.55397080918	2731334	5.48208596466
yWithMorphologySequentialStreamDropoutDev_BaselineLanguage_Fast_SaveLast_NoFinePOS.py	Slovak	Slovak	RANDOM_BY_TYPE	2	0.138112663202	1.55397080918	2731334	5.48208596466
yWithMorphologySequentialStreamDropoutDev_BaselineLanguage_Fast_SaveLast_NoFinePOS.py	Slovak	Slovak	RANDOM_BY_TYPE	3	0.0405905310014	1.55397080918	2731334	5.48208596466
yWithMorphologySequentialStreamDropoutDev_BaselineLanguage_Fast_SaveLast_NoFinePOS.py	Slovak	Slovak	RANDOM_BY_TYPE	4	0.020100548251	1.55397080918	2731334	5.48208596466
yWithMorphologySequentialStreamDropoutDev_BaselineLanguage_Fast_SaveLast_NoFinePOS.py	Slovak	Slovak	RANDOM_BY_TYPE	5	0.0131606123627	1.55397080918	2731334	5.48208596466
yWithMorphologySequentialStreamDropoutDev_BaselineLanguage_Fast_SaveLast_NoFinePOS.py	Slovak	Slovak	RANDOM_BY_TYPE	6	0.00376811676646	1.55397080918	2731334	5.48208596466
yWithMorphologySequentialStreamDropoutDev_BaselineLanguage_Fast_SaveLast_NoFinePOS.py	Slovak	Slovak	RANDOM_BY_TYPE	7	0.00523778596153	1.55397080918	2731334	5.48208596466
yWithMorphologySequentialStreamDropoutDev_BaselineLanguage_Fast_SaveLast_NoFinePOS.py	Slovak	Slovak	RANDOM_BY_TYPE	8	0.00156338508815	1.55397080918	2731334	5.48208596466
yWithMorphologySequentialStreamDropoutDev_BaselineLanguage_Fast_SaveLast_NoFinePOS.py	Slovak	Slovak	RANDOM_BY_TYPE	9	0.00195105920916	1.55397080918	2731334	5.48208596466
yWithMorphologySequentialStreamDropoutDev_BaselineLanguage_Fast_SaveLast_NoFinePOS.py	Slovak	Slovak	RANDOM_BY_TYPE	10	0.00195591090477	1.55397080918	2731334	5.48208596466
yWithMorphologySequentialStreamDropoutDev_BaselineLanguage_Fast_SaveLast_NoFinePOS.py	Slovak	Slovak	RANDOM_BY_TYPE	11	0.000880714148691	1.55397080918	2731334	5.48208596466
yWithMorphologySequentialStreamDropoutDev_BaselineLanguage_Fast_SaveLast_NoFinePOS.py	Slovak	Slovak	RANDOM_BY_TYPE	12	0.000924989703583	1.55397080918	2731334	5.48208596466
yWithMorphologySequentialStreamDropoutDev_BaselineLanguage_Fast_SaveLast_NoFinePOS.py	Slovak	Slovak	RANDOM_BY_TYPE	13	0.00114188639268	1.55397080918	2731334	5.48208596466
yWithMorphologySequentialStreamDropoutDev_BaselineLanguage_Fast_SaveLast_NoFinePOS.py	Slovak	Slovak	RANDOM_BY_TYPE	14	0.000767685166777	1.55397080918	2731334	5.48208596466
yWithMorphologySequentialStreamDropoutDev_BaselineLanguage_Fast_SaveLast_NoFinePOS.py	Slovak	Slovak	RANDOM_BY_TYPE	15	0.00026499551453	1.55397080918	2731334	5.48208596466
yWithMorphologySequentialStreamDropoutDev_BaselineLanguage_Fast_SaveLast_NoFinePOS.py	Slovak	Slovak	RANDOM_BY_TYPE	16	6.69990092108e-05	1.55397080918	2731334	5.48208596466
yWithMorphologySequentialStreamDropoutDev_BaselineLanguage_Fast_SaveLast_NoFinePOS.py	Slovak	Slovak	RANDOM_BY_TYPE	17	5.77604525711e-05	1.55397080918	2731334	5.48208596466
yWithMorphologySequentialStreamDropoutDev_BaselineLanguage_Fast_SaveLast_NoFinePOS.py	Slovak	Slovak	RANDOM_BY_TYPE	18	3.48155220893e-05	1.55397080918	2731334	5.48208596466
yWithMorphologySequentialStreamDropoutDev_BaselineLanguage_Fast_SaveLast_NoFinePOS.py	Slovak	Slovak	RANDOM_BY_TYPE	19	0	1.55397080918	2731334	5.48208596466
yWithMorphologySequentialStreamDropoutDev_BaselineLanguage_Fast_SaveLast_NoFinePOS.py	Slovak	Slovak	RANDOM_BY_TYPE	1	1.32370096286	1.58384109099	547428178	5.47505250206
yWithMorphologySequentialStreamDropoutDev_BaselineLanguage_Fast_SaveLast_NoFinePOS.py	Slovak	Slovak	RANDOM_BY_TYPE	2	0.17861927809	1.58384109099	547428178	5.47505250206
yWithMorphologySequentialStreamDropoutDev_BaselineLanguage_Fast_SaveLast_NoFinePOS.py	Slovak	Slovak	RANDOM_BY_TYPE	3	0.0271726299639	1.58384109099	547428178	5.47505250206
yWithMorphologySequentialStreamDropoutDev_BaselineLanguage_Fast_SaveLast_NoFinePOS.py	Slovak	Slovak	RANDOM_BY_TYPE	4	0.0149446209816	1.58384109099	547428178	5.47505250206
yWithMorphologySequentialStreamDropoutDev_BaselineLanguage_Fast_SaveLast_NoFinePOS.py	Slovak	Slovak	RANDOM_BY_TYPE	5	0.0118126226206	1.58384109099	547428178	5.47505250206
yWithMorphologySequentialStreamDropoutDev_BaselineLanguage_Fast_SaveLast_NoFinePOS.py	Slovak	Slovak	RANDOM_BY_TYPE	6	0.00907541835961	1.58384109099	547428178	5.47505250206
yWithMorphologySequentialStreamDropoutDev_BaselineLanguage_Fast_SaveLast_NoFinePOS.py	Slovak	Slovak	RANDOM_BY_TYPE	7	0.00420909683182	1.58384109099	547428178	5.47505250206
yWithMorphologySequentialStreamDropoutDev_BaselineLanguage_Fast_SaveLast_NoFinePOS.py	Slovak	Slovak	RANDOM_BY_TYPE	8	0.00402792696267	1.58384109099	547428178	5.47505250206
yWithMorphologySequentialStreamDropoutDev_BaselineLanguage_Fast_SaveLast_NoFinePOS.py	Slovak	Slovak	RANDOM_BY_TYPE	9	0.0039650314883	1.58384109099	547428178	5.47505250206
yWithMorphologySequentialStreamDropoutDev_BaselineLanguage_Fast_SaveLast_NoFinePOS.py	Slovak	Slovak	RANDOM_BY_TYPE	10	0.00198049990282	1.58384109099	547428178	5.47505250206
yWithMorphologySequentialStreamDropoutDev_BaselineLanguage_Fast_SaveLast_NoFinePOS.py	Slovak	Slovak	RANDOM_BY_TYPE	11	0.000851783482996	1.58384109099	547428178	5.47505250206
yWithMorphologySequentialStreamDropoutDev_BaselineLanguage_Fast_SaveLast_NoFinePOS.py	Slovak	Slovak	RANDOM_BY_TYPE	12	0.000495757999486	1.58384109099	547428178	5.47505250206
yWithMorphologySequentialStreamDropoutDev_BaselineLanguage_Fast_SaveLast_NoFinePOS.py	Slovak	Slovak	RANDOM_BY_TYPE	13	0.000247863629093	1.58384109099	547428178	5.47505250206
yWithMorphologySequentialStreamDropoutDev_BaselineLanguage_Fast_SaveLast_NoFinePOS.py	Slovak	Slovak	RANDOM_BY_TYPE	14	0.000697153684211	1.58384109099	547428178	5.47505250206
yWithMorphologySequentialStreamDropoutDev_BaselineLanguage_Fast_SaveLast_NoFinePOS.py	Slovak	Slovak	RANDOM_BY_TYPE	15	0.00072364615251	1.58384109099	547428178	5.47505250206
yWithMorphologySequentialStreamDropoutDev_BaselineLanguage_Fast_SaveLast_NoFinePOS.py	Slovak	Slovak	RANDOM_BY_TYPE	16	0.000388227341926	1.58384109099	547428178	5.47505250206
yWithMorphologySequentialStreamDropoutDev_BaselineLanguage_Fast_SaveLast_NoFinePOS.py	Slovak	Slovak	RANDOM_BY_TYPE	17	0.000811659881513	1.58384109099	547428178	5.47505250206
yWithMorphologySequentialStreamDropoutDev_BaselineLanguage_Fast_SaveLast_NoFinePOS.py	Slovak	Slovak	RANDOM_BY_TYPE	18	0.000211366806945	1.58384109099	547428178	5.47505250206
yWithMorphologySequentialStreamDropoutDev_BaselineLanguage_Fast_SaveLast_NoFinePOS.py	Slovak	Slovak	RANDOM_BY_TYPE	19	0	1.58384109099	547428178	5.47505250206
yWithMorphologySequentialStreamDropoutDev_BaselineLanguage_Fast_SaveLast_NoFinePOS.py	Slovak	Slovak	RANDOM_BY_TYPE	1	1.36040763132	1.62619937221	6789738	5.49210939215
yWithMorphologySequentialStreamDropoutDev_BaselineLanguage_Fast_SaveLast_NoFinePOS.py	Slovak	Slovak	RANDOM_BY_TYPE	2	0.118877339935	1.62619937221	6789738	5.49210939215
yWithMorphologySequentialStreamDropoutDev_BaselineLanguage_Fast_SaveLast_NoFinePOS.py	Slovak	Slovak	RANDOM_BY_TYPE	3	0.0459506243876	1.62619937221	6789738	5.49210939215
yWithMorphologySequentialStreamDropoutDev_BaselineLanguage_Fast_SaveLast_NoFinePOS.py	Slovak	Slovak	RANDOM_BY_TYPE	4	0.0263403553261	1.62619937221	6789738	5.49210939215
yWithMorphologySequentialStreamDropoutDev_BaselineLanguage_Fast_SaveLast_NoFinePOS.py	Slovak	Slovak	RANDOM_BY_TYPE	5	0.0202018298107	1.62619937221	6789738	5.49210939215
yWithMorphologySequentialStreamDropoutDev_BaselineLanguage_Fast_SaveLast_NoFinePOS.py	Slovak	Slovak	RANDOM_BY_TYPE	6	0.00911416374657	1.62619937221	6789738	5.49210939215
yWithMorphologySequentialStreamDropoutDev_BaselineLanguage_Fast_SaveLast_NoFinePOS.py	Slovak	Slovak	RANDOM_BY_TYPE	7	0.0108505768319	1.62619937221	6789738	5.49210939215
yWithMorphologySequentialStreamDropoutDev_BaselineLanguage_Fast_SaveLast_NoFinePOS.py	Slovak	Slovak	RANDOM_BY_TYPE	8	0.0118254899162	1.62619937221	6789738	5.49210939215
yWithMorphologySequentialStreamDropoutDev_BaselineLanguage_Fast_SaveLast_NoFinePOS.py	Slovak	Slovak	RANDOM_BY_TYPE	9	0.00197789554727	1.62619937221	6789738	5.49210939215
yWithMorphologySequentialStreamDropoutDev_BaselineLanguage_Fast_SaveLast_NoFinePOS.py	Slovak	Slovak	RANDOM_BY_TYPE	10	0.00578112777782	1.62619937221	6789738	5.49210939215
yWithMorphologySequentialStreamDropoutDev_BaselineLanguage_Fast_SaveLast_NoFinePOS.py	Slovak	Slovak	RANDOM_BY_TYPE	11	0.00572116036121	1.62619937221	6789738	5.49210939215
yWithMorphologySequentialStreamDropoutDev_BaselineLanguage_Fast_SaveLast_NoFinePOS.py	Slovak	Slovak	RANDOM_BY_TYPE	12	0.000655104403626	1.62619937221	6789738	5.49210939215
yWithMorphologySequentialStreamDropoutDev_BaselineLanguage_Fast_SaveLast_NoFinePOS.py	Slovak	Slovak	RANDOM_BY_TYPE	13	0.00307672048268	1.62619937221	6789738	5.49210939215
yWithMorphologySequentialStreamDropoutDev_BaselineLanguage_Fast_SaveLast_NoFinePOS.py	Slovak	Slovak	RANDOM_BY_TYPE	14	0.00206090554799	1.62619937221	6789738	5.49210939215
yWithMorphologySequentialStreamDropoutDev_BaselineLanguage_Fast_SaveLast_NoFinePOS.py	Slovak	Slovak	RANDOM_BY_TYPE	15	0.00072810315106	1.62619937221	6789738	5.49210939215
yWithMorphologySequentialStreamDropoutDev_BaselineLanguage_Fast_SaveLast_NoFinePOS.py	Slovak	Slovak	RANDOM_BY_TYPE	16	0.000714442378854	1.62619937221	6789738	5.49210939215
yWithMorphologySequentialStreamDropoutDev_BaselineLanguage_Fast_SaveLast_NoFinePOS.py	Slovak	Slovak	RANDOM_BY_TYPE	17	0.000428023281163	1.62619937221	6789738	5.49210939215
yWithMorphologySequentialStreamDropoutDev_BaselineLanguage_Fast_SaveLast_NoFinePOS.py	Slovak	Slovak	RANDOM_BY_TYPE	18	0.00054280957947	1.62619937221	6789738	5.49210939215
yWithMorphologySequentialStreamDropoutDev_BaselineLanguage_Fast_SaveLast_NoFinePOS.py	Slovak	Slovak	RANDOM_BY_TYPE	19	0.000945068426328	1.62619937221	6789738	5.49210939215
yWithMorphologySequentialStreamDropoutDev_BaselineLanguage_Fast_SaveLast_NoFinePOS.py	Slovak	Slovak	RANDOM_BY_TYPE	1	1.17778454872	1.49160555132	5378563	5.47367933046
yWithMorphologySequentialStreamDropoutDev_BaselineLanguage_Fast_SaveLast_NoFinePOS.py	Slovak	Slovak	RANDOM_BY_TYPE	2	0.134487351694	1.49160555132	5378563	5.47367933046
yWithMorphologySequentialStreamDropoutDev_BaselineLanguage_Fast_SaveLast_NoFinePOS.py	Slovak	Slovak	RANDOM_BY_TYPE	3	0.0668568277604	1.49160555132	5378563	5.47367933046
yWithMorphologySequentialStreamDropoutDev_BaselineLanguage_Fast_SaveLast_NoFinePOS.py	Slovak	Slovak	RANDOM_BY_TYPE	4	0.0387544155529	1.49160555132	5378563	5.47367933046
yWithMorphologySequentialStreamDropoutDev_BaselineLanguage_Fast_SaveLast_NoFinePOS.py	Slovak	Slovak	RANDOM_BY_TYPE	5	0.0250445493688	1.49160555132	5378563	5.47367933046
yWithMorphologySequentialStreamDropoutDev_BaselineLanguage_Fast_SaveLast_NoFinePOS.py	Slovak	Slovak	RANDOM_BY_TYPE	6	0.0120963617139	1.49160555132	5378563	5.47367933046
yWithMorphologySequentialStreamDropoutDev_BaselineLanguage_Fast_SaveLast_NoFinePOS.py	Slovak	Slovak	RANDOM_BY_TYPE	7	0.0112932659175	1.49160555132	5378563	5.47367933046
yWithMorphologySequentialStreamDropoutDev_BaselineLanguage_Fast_SaveLast_NoFinePOS.py	Slovak	Slovak	RANDOM_BY_TYPE	8	0.00735745691273	1.49160555132	5378563	5.47367933046
yWithMorphologySequentialStreamDropoutDev_BaselineLanguage_Fast_SaveLast_NoFinePOS.py	Slovak	Slovak	RANDOM_BY_TYPE	9	0.00642814015689	1.49160555132	5378563	5.47367933046
yWithMorphologySequentialStreamDropoutDev_BaselineLanguage_Fast_SaveLast_NoFinePOS.py	Slovak	Slovak	RANDOM_BY_TYPE	10	0.00225513075313	1.49160555132	5378563	5.47367933046
yWithMorphologySequentialStreamDropoutDev_BaselineLanguage_Fast_SaveLast_NoFinePOS.py	Slovak	Slovak	RANDOM_BY_TYPE	11	0.00372353420682	1.49160555132	5378563	5.47367933046
yWithMorphologySequentialStreamDropoutDev_BaselineLanguage_Fast_SaveLast_NoFinePOS.py	Slovak	Slovak	RANDOM_BY_TYPE	12	0.00206639093079	1.49160555132	5378563	5.47367933046
yWithMorphologySequentialStreamDropoutDev_BaselineLanguage_Fast_SaveLast_NoFinePOS.py	Slovak	Slovak	RANDOM_BY_TYPE	13	0.00117200751827	1.49160555132	5378563	5.47367933046
yWithMorphologySequentialStreamDropoutDev_BaselineLanguage_Fast_SaveLast_NoFinePOS.py	Slovak	Slovak	RANDOM_BY_TYPE	14	0.000737741793671	1.49160555132	5378563	5.47367933046
yWithMorphologySequentialStreamDropoutDev_BaselineLanguage_Fast_SaveLast_NoFinePOS.py	Slovak	Slovak	RANDOM_BY_TYPE	15	0.00111218650047	1.49160555132	5378563	5.47367933046
yWithMorphologySequentialStreamDropoutDev_BaselineLanguage_Fast_SaveLast_NoFinePOS.py	Slovak	Slovak	RANDOM_BY_TYPE	16	0.000574055436539	1.49160555132	5378563	5.47367933046
yWithMorphologySequentialStreamDropoutDev_BaselineLanguage_Fast_SaveLast_NoFinePOS.py	Slovak	Slovak	RANDOM_BY_TYPE	17	0	1.49160555132	5378563	5.47367933046
yWithMorphologySequentialStreamDropoutDev_BaselineLanguage_Fast_SaveLast_NoFinePOS.py	Slovak	Slovak	RANDOM_BY_TYPE	18	0.000264511410504	1.49160555132	5378563	5.47367933046
yWithMorphologySequentialStreamDropoutDev_BaselineLanguage_Fast_SaveLast_NoFinePOS.py	Slovak	Slovak	RANDOM_BY_TYPE	19	0	1.49160555132	5378563	5.47367933046
yWithMorphologySequentialStreamDropoutDev_BaselineLanguage_Fast_SaveLast_NoFinePOS.py	Slovak	Slovak	RANDOM_BY_TYPE	1	1.44565761281	1.66677242995	5929501	5.49307304388
yWithMorphologySequentialStreamDropoutDev_BaselineLanguage_Fast_SaveLast_NoFinePOS.py	Slovak	Slovak	RANDOM_BY_TYPE	2	0.141881682326	1.66677242995	5929501	5.49307304388
yWithMorphologySequentialStreamDropoutDev_BaselineLanguage_Fast_SaveLast_NoFinePOS.py	Slovak	Slovak	RANDOM_BY_TYPE	3	0.0294777510509	1.66677242995	5929501	5.49307304388
yWithMorphologySequentialStreamDropoutDev_BaselineLanguage_Fast_SaveLast_NoFinePOS.py	Slovak	Slovak	RANDOM_BY_TYPE	4	0.0128086028442	1.66677242995	5929501	5.49307304388
yWithMorphologySequentialStreamDropoutDev_BaselineLanguage_Fast_SaveLast_NoFinePOS.py	Slovak	Slovak	RANDOM_BY_TYPE	5	0.010764372757	1.66677242995	5929501	5.49307304388
yWithMorphologySequentialStreamDropoutDev_BaselineLanguage_Fast_SaveLast_NoFinePOS.py	Slovak	Slovak	RANDOM_BY_TYPE	6	0.0063052723669	1.66677242995	5929501	5.49307304388
yWithMorphologySequentialStreamDropoutDev_BaselineLanguage_Fast_SaveLast_NoFinePOS.py	Slovak	Slovak	RANDOM_BY_TYPE	7	0.00417775601557	1.66677242995	5929501	5.49307304388
yWithMorphologySequentialStreamDropoutDev_BaselineLanguage_Fast_SaveLast_NoFinePOS.py	Slovak	Slovak	RANDOM_BY_TYPE	8	0.00261004644714	1.66677242995	5929501	5.49307304388
yWithMorphologySequentialStreamDropoutDev_BaselineLanguage_Fast_SaveLast_NoFinePOS.py	Slovak	Slovak	RANDOM_BY_TYPE	9	0.00358620649331	1.66677242995	5929501	5.49307304388
yWithMorphologySequentialStreamDropoutDev_BaselineLanguage_Fast_SaveLast_NoFinePOS.py	Slovak	Slovak	RANDOM_BY_TYPE	10	0.0025042222379	1.66677242995	5929501	5.49307304388
yWithMorphologySequentialStreamDropoutDev_BaselineLanguage_Fast_SaveLast_NoFinePOS.py	Slovak	Slovak	RANDOM_BY_TYPE	11	0.00227511292451	1.66677242995	5929501	5.49307304388
yWithMorphologySequentialStreamDropoutDev_BaselineLanguage_Fast_SaveLast_NoFinePOS.py	Slovak	Slovak	RANDOM_BY_TYPE	12	0.00160087477671	1.66677242995	5929501	5.49307304388
yWithMorphologySequentialStreamDropoutDev_BaselineLanguage_Fast_SaveLast_NoFinePOS.py	Slovak	Slovak	RANDOM_BY_TYPE	13	0.00123799920899	1.66677242995	5929501	5.49307304388
yWithMorphologySequentialStreamDropoutDev_BaselineLanguage_Fast_SaveLast_NoFinePOS.py	Slovak	Slovak	RANDOM_BY_TYPE	14	0.000593245886777	1.66677242995	5929501	5.49307304388
yWithMorphologySequentialStreamDropoutDev_BaselineLanguage_Fast_SaveLast_NoFinePOS.py	Slovak	Slovak	RANDOM_BY_TYPE	15	8.96070101488e-05	1.66677242995	5929501	5.49307304388
yWithMorphologySequentialStreamDropoutDev_BaselineLanguage_Fast_SaveLast_NoFinePOS.py	Slovak	Slovak	RANDOM_BY_TYPE	16	0	1.66677242995	5929501	5.49307304388
yWithMorphologySequentialStreamDropoutDev_BaselineLanguage_Fast_SaveLast_NoFinePOS.py	Slovak	Slovak	RANDOM_BY_TYPE	17	0.000176406314929	1.66677242995	5929501	5.49307304388
yWithMorphologySequentialStreamDropoutDev_BaselineLanguage_Fast_SaveLast_NoFinePOS.py	Slovak	Slovak	RANDOM_BY_TYPE	18	0.000818228068417	1.66677242995	5929501	5.49307304388
yWithMorphologySequentialStreamDropoutDev_BaselineLanguage_Fast_SaveLast_NoFinePOS.py	Slovak	Slovak	RANDOM_BY_TYPE	19	0.000310687292112	1.66677242995	5929501	5.49307304388
yWithMorphologySequentialStreamDropoutDev_BaselineLanguage_Fast_SaveLast_NoFinePOS.py	Slovak	Slovak	RANDOM_BY_TYPE	1	1.41154946787	1.6293143343	8876071	5.46789761427
yWithMorphologySequentialStreamDropoutDev_BaselineLanguage_Fast_SaveLast_NoFinePOS.py	Slovak	Slovak	RANDOM_BY_TYPE	2	0.124459481484	1.6293143343	8876071	5.46789761427
yWithMorphologySequentialStreamDropoutDev_BaselineLanguage_Fast_SaveLast_NoFinePOS.py	Slovak	Slovak	RANDOM_BY_TYPE	3	0.0357498468602	1.6293143343	8876071	5.46789761427
yWithMorphologySequentialStreamDropoutDev_BaselineLanguage_Fast_SaveLast_NoFinePOS.py	Slovak	Slovak	RANDOM_BY_TYPE	4	0.0174927825797	1.6293143343	8876071	5.46789761427
yWithMorphologySequentialStreamDropoutDev_BaselineLanguage_Fast_SaveLast_NoFinePOS.py	Slovak	Slovak	RANDOM_BY_TYPE	5	0.00812056158503	1.6293143343	8876071	5.46789761427
yWithMorphologySequentialStreamDropoutDev_BaselineLanguage_Fast_SaveLast_NoFinePOS.py	Slovak	Slovak	RANDOM_BY_TYPE	6	0.00880064788747	1.6293143343	8876071	5.46789761427
yWithMorphologySequentialStreamDropoutDev_BaselineLanguage_Fast_SaveLast_NoFinePOS.py	Slovak	Slovak	RANDOM_BY_TYPE	7	0.00479168606131	1.6293143343	8876071	5.46789761427
yWithMorphologySequentialStreamDropoutDev_BaselineLanguage_Fast_SaveLast_NoFinePOS.py	Slovak	Slovak	RANDOM_BY_TYPE	8	0.00523611388794	1.6293143343	8876071	5.46789761427
yWithMorphologySequentialStreamDropoutDev_BaselineLanguage_Fast_SaveLast_NoFinePOS.py	Slovak	Slovak	RANDOM_BY_TYPE	9	0.00254515462542	1.6293143343	8876071	5.46789761427
yWithMorphologySequentialStreamDropoutDev_BaselineLanguage_Fast_SaveLast_NoFinePOS.py	Slovak	Slovak	RANDOM_BY_TYPE	10	0.00306313552269	1.6293143343	8876071	5.46789761427
yWithMorphologySequentialStreamDropoutDev_BaselineLanguage_Fast_SaveLast_NoFinePOS.py	Slovak	Slovak	RANDOM_BY_TYPE	11	0.00175835963798	1.6293143343	8876071	5.46789761427
yWithMorphologySequentialStreamDropoutDev_BaselineLanguage_Fast_SaveLast_NoFinePOS.py	Slovak	Slovak	RANDOM_BY_TYPE	12	0.00270354821257	1.6293143343	8876071	5.46789761427
yWithMorphologySequentialStreamDropoutDev_BaselineLanguage_Fast_SaveLast_NoFinePOS.py	Slovak	Slovak	RANDOM_BY_TYPE	13	0.000975573552798	1.6293143343	8876071	5.46789761427
yWithMorphologySequentialStreamDropoutDev_BaselineLanguage_Fast_SaveLast_NoFinePOS.py	Slovak	Slovak	RANDOM_BY_TYPE	14	0.000975923464723	1.6293143343	8876071	5.46789761427
yWithMorphologySequentialStreamDropoutDev_BaselineLanguage_Fast_SaveLast_NoFinePOS.py	Slovak	Slovak	RANDOM_BY_TYPE	15	0.000580784025257	1.6293143343	8876071	5.46789761427
yWithMorphologySequentialStreamDropoutDev_BaselineLanguage_Fast_SaveLast_NoFinePOS.py	Slovak	Slovak	RANDOM_BY_TYPE	16	2.22733576027e-06	1.6293143343	8876071	5.46789761427
yWithMorphologySequentialStreamDropoutDev_BaselineLanguage_Fast_SaveLast_NoFinePOS.py	Slovak	Slovak	RANDOM_BY_TYPE	17	0.000244925895782	1.6293143343	8876071	5.46789761427
yWithMorphologySequentialStreamDropoutDev_BaselineLanguage_Fast_SaveLast_NoFinePOS.py	Slovak	Slovak	RANDOM_BY_TYPE	18	0.000130234556655	1.6293143343	8876071	5.46789761427
yWithMorphologySequentialStreamDropoutDev_BaselineLanguage_Fast_SaveLast_NoFinePOS.py	Slovak	Slovak	RANDOM_BY_TYPE	19	0.000133879258208	1.6293143343	8876071	5.46789761427
yWithMorphologySequentialStreamDropoutDev_BaselineLanguage_Fast_SaveLast_NoFinePOS.py	Slovak	Slovak	RANDOM_BY_TYPE	1	1.34621273508	1.57488990712	4206541	5.4926666788
yWithMorphologySequentialStreamDropoutDev_BaselineLanguage_Fast_SaveLast_NoFinePOS.py	Slovak	Slovak	RANDOM_BY_TYPE	2	0.120885430215	1.57488990712	4206541	5.4926666788
yWithMorphologySequentialStreamDropoutDev_BaselineLanguage_Fast_SaveLast_NoFinePOS.py	Slovak	Slovak	RANDOM_BY_TYPE	3	0.0497057637531	1.57488990712	4206541	5.4926666788
yWithMorphologySequentialStreamDropoutDev_BaselineLanguage_Fast_SaveLast_NoFinePOS.py	Slovak	Slovak	RANDOM_BY_TYPE	4	0.020907602204	1.57488990712	4206541	5.4926666788
yWithMorphologySequentialStreamDropoutDev_BaselineLanguage_Fast_SaveLast_NoFinePOS.py	Slovak	Slovak	RANDOM_BY_TYPE	5	0.0125415351701	1.57488990712	4206541	5.4926666788
yWithMorphologySequentialStreamDropoutDev_BaselineLanguage_Fast_SaveLast_NoFinePOS.py	Slovak	Slovak	RANDOM_BY_TYPE	6	0.00631411308295	1.57488990712	4206541	5.4926666788
yWithMorphologySequentialStreamDropoutDev_BaselineLanguage_Fast_SaveLast_NoFinePOS.py	Slovak	Slovak	RANDOM_BY_TYPE	7	0.00527290509988	1.57488990712	4206541	5.4926666788
yWithMorphologySequentialStreamDropoutDev_BaselineLanguage_Fast_SaveLast_NoFinePOS.py	Slovak	Slovak	RANDOM_BY_TYPE	8	0.00416586611369	1.57488990712	4206541	5.4926666788
yWithMorphologySequentialStreamDropoutDev_BaselineLanguage_Fast_SaveLast_NoFinePOS.py	Slovak	Slovak	RANDOM_BY_TYPE	9	0.00243748769368	1.57488990712	4206541	5.4926666788
yWithMorphologySequentialStreamDropoutDev_BaselineLanguage_Fast_SaveLast_NoFinePOS.py	Slovak	Slovak	RANDOM_BY_TYPE	10	0.00246644640622	1.57488990712	4206541	5.4926666788
yWithMorphologySequentialStreamDropoutDev_BaselineLanguage_Fast_SaveLast_NoFinePOS.py	Slovak	Slovak	RANDOM_BY_TYPE	11	0.00183152254314	1.57488990712	4206541	5.4926666788
yWithMorphologySequentialStreamDropoutDev_BaselineLanguage_Fast_SaveLast_NoFinePOS.py	Slovak	Slovak	RANDOM_BY_TYPE	12	0.000438003793155	1.57488990712	4206541	5.4926666788
yWithMorphologySequentialStreamDropoutDev_BaselineLanguage_Fast_SaveLast_NoFinePOS.py	Slovak	Slovak	RANDOM_BY_TYPE	13	0.0010702437734	1.57488990712	4206541	5.4926666788
yWithMorphologySequentialStreamDropoutDev_BaselineLanguage_Fast_SaveLast_NoFinePOS.py	Slovak	Slovak	RANDOM_BY_TYPE	14	0.000441013950191	1.57488990712	4206541	5.4926666788
yWithMorphologySequentialStreamDropoutDev_BaselineLanguage_Fast_SaveLast_NoFinePOS.py	Slovak	Slovak	RANDOM_BY_TYPE	15	0	1.57488990712	4206541	5.4926666788
yWithMorphologySequentialStreamDropoutDev_BaselineLanguage_Fast_SaveLast_NoFinePOS.py	Slovak	Slovak	RANDOM_BY_TYPE	16	0.000390577316284	1.57488990712	4206541	5.4926666788
yWithMorphologySequentialStreamDropoutDev_BaselineLanguage_Fast_SaveLast_NoFinePOS.py	Slovak	Slovak	RANDOM_BY_TYPE	17	0	1.57488990712	4206541	5.4926666788
yWithMorphologySequentialStreamDropoutDev_BaselineLanguage_Fast_SaveLast_NoFinePOS.py	Slovak	Slovak	RANDOM_BY_TYPE	18	0.000267888585182	1.57488990712	4206541	5.4926666788
yWithMorphologySequentialStreamDropoutDev_BaselineLanguage_Fast_SaveLast_NoFinePOS.py	Slovak	Slovak	RANDOM_BY_TYPE	19	0	1.57488990712	4206541	5.4926666788
yWithMorphologySequentialStreamDropoutDev_BaselineLanguage_Fast_SaveLast_NoFinePOS.py	Slovak	Slovak	RANDOM_BY_TYPE	1	1.2436554919	1.540862824	839937	5.46205231119
yWithMorphologySequentialStreamDropoutDev_BaselineLanguage_Fast_SaveLast_NoFinePOS.py	Slovak	Slovak	RANDOM_BY_TYPE	2	0.190059525591	1.540862824	839937	5.46205231119
yWithMorphologySequentialStreamDropoutDev_BaselineLanguage_Fast_SaveLast_NoFinePOS.py	Slovak	Slovak	RANDOM_BY_TYPE	3	0.0513923088778	1.540862824	839937	5.46205231119
yWithMorphologySequentialStreamDropoutDev_BaselineLanguage_Fast_SaveLast_NoFinePOS.py	Slovak	Slovak	RANDOM_BY_TYPE	4	0.0183059383949	1.540862824	839937	5.46205231119
yWithMorphologySequentialStreamDropoutDev_BaselineLanguage_Fast_SaveLast_NoFinePOS.py	Slovak	Slovak	RANDOM_BY_TYPE	5	0.0130022636015	1.540862824	839937	5.46205231119
yWithMorphologySequentialStreamDropoutDev_BaselineLanguage_Fast_SaveLast_NoFinePOS.py	Slovak	Slovak	RANDOM_BY_TYPE	6	0.00975334966836	1.540862824	839937	5.46205231119
yWithMorphologySequentialStreamDropoutDev_BaselineLanguage_Fast_SaveLast_NoFinePOS.py	Slovak	Slovak	RANDOM_BY_TYPE	7	0.00477674472822	1.540862824	839937	5.46205231119
yWithMorphologySequentialStreamDropoutDev_BaselineLanguage_Fast_SaveLast_NoFinePOS.py	Slovak	Slovak	RANDOM_BY_TYPE	8	0.00300841413132	1.540862824	839937	5.46205231119
yWithMorphologySequentialStreamDropoutDev_BaselineLanguage_Fast_SaveLast_NoFinePOS.py	Slovak	Slovak	RANDOM_BY_TYPE	9	0.00280222978494	1.540862824	839937	5.46205231119
yWithMorphologySequentialStreamDropoutDev_BaselineLanguage_Fast_SaveLast_NoFinePOS.py	Slovak	Slovak	RANDOM_BY_TYPE	10	0.00206862675817	1.540862824	839937	5.46205231119
yWithMorphologySequentialStreamDropoutDev_BaselineLanguage_Fast_SaveLast_NoFinePOS.py	Slovak	Slovak	RANDOM_BY_TYPE	11	0.000942888488508	1.540862824	839937	5.46205231119
yWithMorphologySequentialStreamDropoutDev_BaselineLanguage_Fast_SaveLast_NoFinePOS.py	Slovak	Slovak	RANDOM_BY_TYPE	12	0.00138246882452	1.540862824	839937	5.46205231119
yWithMorphologySequentialStreamDropoutDev_BaselineLanguage_Fast_SaveLast_NoFinePOS.py	Slovak	Slovak	RANDOM_BY_TYPE	13	0.000141306323548	1.540862824	839937	5.46205231119
yWithMorphologySequentialStreamDropoutDev_BaselineLanguage_Fast_SaveLast_NoFinePOS.py	Slovak	Slovak	RANDOM_BY_TYPE	14	0	1.540862824	839937	5.46205231119
yWithMorphologySequentialStreamDropoutDev_BaselineLanguage_Fast_SaveLast_NoFinePOS.py	Slovak	Slovak	RANDOM_BY_TYPE	15	0.000255959613682	1.540862824	839937	5.46205231119
yWithMorphologySequentialStreamDropoutDev_BaselineLanguage_Fast_SaveLast_NoFinePOS.py	Slovak	Slovak	RANDOM_BY_TYPE	16	0.000127822324021	1.540862824	839937	5.46205231119
yWithMorphologySequentialStreamDropoutDev_BaselineLanguage_Fast_SaveLast_NoFinePOS.py	Slovak	Slovak	RANDOM_BY_TYPE	17	0.000645153693957	1.540862824	839937	5.46205231119
yWithMorphologySequentialStreamDropoutDev_BaselineLanguage_Fast_SaveLast_NoFinePOS.py	Slovak	Slovak	RANDOM_BY_TYPE	18	0	1.540862824	839937	5.46205231119
yWithMorphologySequentialStreamDropoutDev_BaselineLanguage_Fast_SaveLast_NoFinePOS.py	Slovak	Slovak	RANDOM_BY_TYPE	19	0	1.540862824	839937	5.46205231119
yWithMorphologySequentialStreamDropoutDev_BaselineLanguage_Fast_SaveLast_NoFinePOS.py	Slovak	Slovak	RANDOM_BY_TYPE	1	1.44793707569	1.67636078686	94107466	5.48417441735
yWithMorphologySequentialStreamDropoutDev_BaselineLanguage_Fast_SaveLast_NoFinePOS.py	Slovak	Slovak	RANDOM_BY_TYPE	2	0.142300989938	1.67636078686	94107466	5.48417441735
yWithMorphologySequentialStreamDropoutDev_BaselineLanguage_Fast_SaveLast_NoFinePOS.py	Slovak	Slovak	RANDOM_BY_TYPE	3	0.0390088273238	1.67636078686	94107466	5.48417441735
yWithMorphologySequentialStreamDropoutDev_BaselineLanguage_Fast_SaveLast_NoFinePOS.py	Slovak	Slovak	RANDOM_BY_TYPE	4	0.014825939234	1.67636078686	94107466	5.48417441735
yWithMorphologySequentialStreamDropoutDev_BaselineLanguage_Fast_SaveLast_NoFinePOS.py	Slovak	Slovak	RANDOM_BY_TYPE	5	0.0120498064038	1.67636078686	94107466	5.48417441735
yWithMorphologySequentialStreamDropoutDev_BaselineLanguage_Fast_SaveLast_NoFinePOS.py	Slovak	Slovak	RANDOM_BY_TYPE	6	0.00682198368523	1.67636078686	94107466	5.48417441735
yWithMorphologySequentialStreamDropoutDev_BaselineLanguage_Fast_SaveLast_NoFinePOS.py	Slovak	Slovak	RANDOM_BY_TYPE	7	0.0017114969149	1.67636078686	94107466	5.48417441735
yWithMorphologySequentialStreamDropoutDev_BaselineLanguage_Fast_SaveLast_NoFinePOS.py	Slovak	Slovak	RANDOM_BY_TYPE	8	0.00359719342565	1.67636078686	94107466	5.48417441735
yWithMorphologySequentialStreamDropoutDev_BaselineLanguage_Fast_SaveLast_NoFinePOS.py	Slovak	Slovak	RANDOM_BY_TYPE	9	0.00139296160985	1.67636078686	94107466	5.48417441735
yWithMorphologySequentialStreamDropoutDev_BaselineLanguage_Fast_SaveLast_NoFinePOS.py	Slovak	Slovak	RANDOM_BY_TYPE	10	0.0020245874173	1.67636078686	94107466	5.48417441735
yWithMorphologySequentialStreamDropoutDev_BaselineLanguage_Fast_SaveLast_NoFinePOS.py	Slovak	Slovak	RANDOM_BY_TYPE	11	0.000264249517493	1.67636078686	94107466	5.48417441735
yWithMorphologySequentialStreamDropoutDev_BaselineLanguage_Fast_SaveLast_NoFinePOS.py	Slovak	Slovak	RANDOM_BY_TYPE	12	0.00127387389745	1.67636078686	94107466	5.48417441735
yWithMorphologySequentialStreamDropoutDev_BaselineLanguage_Fast_SaveLast_NoFinePOS.py	Slovak	Slovak	RANDOM_BY_TYPE	13	0.000477085905533	1.67636078686	94107466	5.48417441735
yWithMorphologySequentialStreamDropoutDev_BaselineLanguage_Fast_SaveLast_NoFinePOS.py	Slovak	Slovak	RANDOM_BY_TYPE	14	0.000739670534657	1.67636078686	94107466	5.48417441735
yWithMorphologySequentialStreamDropoutDev_BaselineLanguage_Fast_SaveLast_NoFinePOS.py	Slovak	Slovak	RANDOM_BY_TYPE	15	0.00080446184498	1.67636078686	94107466	5.48417441735
yWithMorphologySequentialStreamDropoutDev_BaselineLanguage_Fast_SaveLast_NoFinePOS.py	Slovak	Slovak	RANDOM_BY_TYPE	16	0.000867295265198	1.67636078686	94107466	5.48417441735
yWithMorphologySequentialStreamDropoutDev_BaselineLanguage_Fast_SaveLast_NoFinePOS.py	Slovak	Slovak	RANDOM_BY_TYPE	17	8.97211163009e-05	1.67636078686	94107466	5.48417441735
yWithMorphologySequentialStreamDropoutDev_BaselineLanguage_Fast_SaveLast_NoFinePOS.py	Slovak	Slovak	RANDOM_BY_TYPE	18	0	1.67636078686	94107466	5.48417441735
yWithMorphologySequentialStreamDropoutDev_BaselineLanguage_Fast_SaveLast_NoFinePOS.py	Slovak	Slovak	RANDOM_BY_TYPE	19	0.000319162256097	1.67636078686	94107466	5.48417441735
yWithMorphologySequentialStreamDropoutDev_BaselineLanguage_Fast_SaveLast_NoFinePOS.py	Slovak	Slovak	RANDOM_BY_TYPE	1	1.28671447235	1.5697548113	1447257	5.48117384396
yWithMorphologySequentialStreamDropoutDev_BaselineLanguage_Fast_SaveLast_NoFinePOS.py	Slovak	Slovak	RANDOM_BY_TYPE	2	0.15966760459	1.5697548113	1447257	5.48117384396
yWithMorphologySequentialStreamDropoutDev_BaselineLanguage_Fast_SaveLast_NoFinePOS.py	Slovak	Slovak	RANDOM_BY_TYPE	3	0.0554413887736	1.5697548113	1447257	5.48117384396
yWithMorphologySequentialStreamDropoutDev_BaselineLanguage_Fast_SaveLast_NoFinePOS.py	Slovak	Slovak	RANDOM_BY_TYPE	4	0.0283862129466	1.5697548113	1447257	5.48117384396
yWithMorphologySequentialStreamDropoutDev_BaselineLanguage_Fast_SaveLast_NoFinePOS.py	Slovak	Slovak	RANDOM_BY_TYPE	5	0.0168195699176	1.5697548113	1447257	5.48117384396
yWithMorphologySequentialStreamDropoutDev_BaselineLanguage_Fast_SaveLast_NoFinePOS.py	Slovak	Slovak	RANDOM_BY_TYPE	6	0.00764526434957	1.5697548113	1447257	5.48117384396
yWithMorphologySequentialStreamDropoutDev_BaselineLanguage_Fast_SaveLast_NoFinePOS.py	Slovak	Slovak	RANDOM_BY_TYPE	7	0.00568731280222	1.5697548113	1447257	5.48117384396
yWithMorphologySequentialStreamDropoutDev_BaselineLanguage_Fast_SaveLast_NoFinePOS.py	Slovak	Slovak	RANDOM_BY_TYPE	8	0.0034563389543	1.5697548113	1447257	5.48117384396
yWithMorphologySequentialStreamDropoutDev_BaselineLanguage_Fast_SaveLast_NoFinePOS.py	Slovak	Slovak	RANDOM_BY_TYPE	9	0.00125713078943	1.5697548113	1447257	5.48117384396
yWithMorphologySequentialStreamDropoutDev_BaselineLanguage_Fast_SaveLast_NoFinePOS.py	Slovak	Slovak	RANDOM_BY_TYPE	10	0.00149269140746	1.5697548113	1447257	5.48117384396
yWithMorphologySequentialStreamDropoutDev_BaselineLanguage_Fast_SaveLast_NoFinePOS.py	Slovak	Slovak	RANDOM_BY_TYPE	11	0.000975304964471	1.5697548113	1447257	5.48117384396
yWithMorphologySequentialStreamDropoutDev_BaselineLanguage_Fast_SaveLast_NoFinePOS.py	Slovak	Slovak	RANDOM_BY_TYPE	12	0.00082400947401	1.5697548113	1447257	5.48117384396
yWithMorphologySequentialStreamDropoutDev_BaselineLanguage_Fast_SaveLast_NoFinePOS.py	Slovak	Slovak	RANDOM_BY_TYPE	13	0.000612906846282	1.5697548113	1447257	5.48117384396
yWithMorphologySequentialStreamDropoutDev_BaselineLanguage_Fast_SaveLast_NoFinePOS.py	Slovak	Slovak	RANDOM_BY_TYPE	14	0.000317404817228	1.5697548113	1447257	5.48117384396
yWithMorphologySequentialStreamDropoutDev_BaselineLanguage_Fast_SaveLast_NoFinePOS.py	Slovak	Slovak	RANDOM_BY_TYPE	15	5.42365116618e-05	1.5697548113	1447257	5.48117384396
yWithMorphologySequentialStreamDropoutDev_BaselineLanguage_Fast_SaveLast_NoFinePOS.py	Slovak	Slovak	RANDOM_BY_TYPE	16	0.000112241384101	1.5697548113	1447257	5.48117384396
yWithMorphologySequentialStreamDropoutDev_BaselineLanguage_Fast_SaveLast_NoFinePOS.py	Slovak	Slovak	RANDOM_BY_TYPE	17	0.000221282162078	1.5697548113	1447257	5.48117384396
yWithMorphologySequentialStreamDropoutDev_BaselineLanguage_Fast_SaveLast_NoFinePOS.py	Slovak	Slovak	RANDOM_BY_TYPE	18	0	1.5697548113	1447257	5.48117384396
yWithMorphologySequentialStreamDropoutDev_BaselineLanguage_Fast_SaveLast_NoFinePOS.py	Slovak	Slovak	RANDOM_BY_TYPE	19	0.000306951468938	1.5697548113	1447257	5.48117384396
yWithMorphologySequentialStreamDropoutDev_BaselineLanguage_Fast_SaveLast_NoFinePOS.py	Slovak	Slovak	RANDOM_BY_TYPE	1	1.22756408526	1.5248451008	310163671	5.48303769945
yWithMorphologySequentialStreamDropoutDev_BaselineLanguage_Fast_SaveLast_NoFinePOS.py	Slovak	Slovak	RANDOM_BY_TYPE	2	0.16042593444	1.5248451008	310163671	5.48303769945
yWithMorphologySequentialStreamDropoutDev_BaselineLanguage_Fast_SaveLast_NoFinePOS.py	Slovak	Slovak	RANDOM_BY_TYPE	3	0.0484425882771	1.5248451008	310163671	5.48303769945
yWithMorphologySequentialStreamDropoutDev_BaselineLanguage_Fast_SaveLast_NoFinePOS.py	Slovak	Slovak	RANDOM_BY_TYPE	4	0.0312295442575	1.5248451008	310163671	5.48303769945
yWithMorphologySequentialStreamDropoutDev_BaselineLanguage_Fast_SaveLast_NoFinePOS.py	Slovak	Slovak	RANDOM_BY_TYPE	5	0.0191181822591	1.5248451008	310163671	5.48303769945
yWithMorphologySequentialStreamDropoutDev_BaselineLanguage_Fast_SaveLast_NoFinePOS.py	Slovak	Slovak	RANDOM_BY_TYPE	6	0.0125216166042	1.5248451008	310163671	5.48303769945
yWithMorphologySequentialStreamDropoutDev_BaselineLanguage_Fast_SaveLast_NoFinePOS.py	Slovak	Slovak	RANDOM_BY_TYPE	7	0.00815162960797	1.5248451008	310163671	5.48303769945
yWithMorphologySequentialStreamDropoutDev_BaselineLanguage_Fast_SaveLast_NoFinePOS.py	Slovak	Slovak	RANDOM_BY_TYPE	8	0.00412098438772	1.5248451008	310163671	5.48303769945
yWithMorphologySequentialStreamDropoutDev_BaselineLanguage_Fast_SaveLast_NoFinePOS.py	Slovak	Slovak	RANDOM_BY_TYPE	9	0.00518946002607	1.5248451008	310163671	5.48303769945
yWithMorphologySequentialStreamDropoutDev_BaselineLanguage_Fast_SaveLast_NoFinePOS.py	Slovak	Slovak	RANDOM_BY_TYPE	10	0.0013515000474	1.5248451008	310163671	5.48303769945
yWithMorphologySequentialStreamDropoutDev_BaselineLanguage_Fast_SaveLast_NoFinePOS.py	Slovak	Slovak	RANDOM_BY_TYPE	11	0.00158867750266	1.5248451008	310163671	5.48303769945
yWithMorphologySequentialStreamDropoutDev_BaselineLanguage_Fast_SaveLast_NoFinePOS.py	Slovak	Slovak	RANDOM_BY_TYPE	12	0.00185275914734	1.5248451008	310163671	5.48303769945
yWithMorphologySequentialStreamDropoutDev_BaselineLanguage_Fast_SaveLast_NoFinePOS.py	Slovak	Slovak	RANDOM_BY_TYPE	13	0.00122444160181	1.5248451008	310163671	5.48303769945
yWithMorphologySequentialStreamDropoutDev_BaselineLanguage_Fast_SaveLast_NoFinePOS.py	Slovak	Slovak	RANDOM_BY_TYPE	14	0.00186437809304	1.5248451008	310163671	5.48303769945
yWithMorphologySequentialStreamDropoutDev_BaselineLanguage_Fast_SaveLast_NoFinePOS.py	Slovak	Slovak	RANDOM_BY_TYPE	15	0.000642595225818	1.5248451008	310163671	5.48303769945
yWithMorphologySequentialStreamDropoutDev_BaselineLanguage_Fast_SaveLast_NoFinePOS.py	Slovak	Slovak	RANDOM_BY_TYPE	16	0.000361794274147	1.5248451008	310163671	5.48303769945
yWithMorphologySequentialStreamDropoutDev_BaselineLanguage_Fast_SaveLast_NoFinePOS.py	Slovak	Slovak	RANDOM_BY_TYPE	17	0	1.5248451008	310163671	5.48303769945
yWithMorphologySequentialStreamDropoutDev_BaselineLanguage_Fast_SaveLast_NoFinePOS.py	Slovak	Slovak	RANDOM_BY_TYPE	18	0.000100887148347	1.5248451008	310163671	5.48303769945
yWithMorphologySequentialStreamDropoutDev_BaselineLanguage_Fast_SaveLast_NoFinePOS.py	Slovak	Slovak	RANDOM_BY_TYPE	19	0	1.5248451008	310163671	5.48303769945
yWithMorphologySequentialStreamDropoutDev_BaselineLanguage_Fast_SaveLast_NoFinePOS.py	Slovak	Slovak	RANDOM_BY_TYPE	1	1.33627193799	1.6130597473	6136537	5.49204901518
yWithMorphologySequentialStreamDropoutDev_BaselineLanguage_Fast_SaveLast_NoFinePOS.py	Slovak	Slovak	RANDOM_BY_TYPE	2	0.195982892383	1.6130597473	6136537	5.49204901518
yWithMorphologySequentialStreamDropoutDev_BaselineLanguage_Fast_SaveLast_NoFinePOS.py	Slovak	Slovak	RANDOM_BY_TYPE	3	0.0410778084438	1.6130597473	6136537	5.49204901518
yWithMorphologySequentialStreamDropoutDev_BaselineLanguage_Fast_SaveLast_NoFinePOS.py	Slovak	Slovak	RANDOM_BY_TYPE	4	0.0124942017745	1.6130597473	6136537	5.49204901518
yWithMorphologySequentialStreamDropoutDev_BaselineLanguage_Fast_SaveLast_NoFinePOS.py	Slovak	Slovak	RANDOM_BY_TYPE	5	0.00750055790764	1.6130597473	6136537	5.49204901518
yWithMorphologySequentialStreamDropoutDev_BaselineLanguage_Fast_SaveLast_NoFinePOS.py	Slovak	Slovak	RANDOM_BY_TYPE	6	0.00777567233125	1.6130597473	6136537	5.49204901518
yWithMorphologySequentialStreamDropoutDev_BaselineLanguage_Fast_SaveLast_NoFinePOS.py	Slovak	Slovak	RANDOM_BY_TYPE	7	0.00410514453503	1.6130597473	6136537	5.49204901518
yWithMorphologySequentialStreamDropoutDev_BaselineLanguage_Fast_SaveLast_NoFinePOS.py	Slovak	Slovak	RANDOM_BY_TYPE	8	0.00231959807546	1.6130597473	6136537	5.49204901518
yWithMorphologySequentialStreamDropoutDev_BaselineLanguage_Fast_SaveLast_NoFinePOS.py	Slovak	Slovak	RANDOM_BY_TYPE	9	0.00132839867513	1.6130597473	6136537	5.49204901518
yWithMorphologySequentialStreamDropoutDev_BaselineLanguage_Fast_SaveLast_NoFinePOS.py	Slovak	Slovak	RANDOM_BY_TYPE	10	0.000207695650728	1.6130597473	6136537	5.49204901518
yWithMorphologySequentialStreamDropoutDev_BaselineLanguage_Fast_SaveLast_NoFinePOS.py	Slovak	Slovak	RANDOM_BY_TYPE	11	0.000490596523024	1.6130597473	6136537	5.49204901518
yWithMorphologySequentialStreamDropoutDev_BaselineLanguage_Fast_SaveLast_NoFinePOS.py	Slovak	Slovak	RANDOM_BY_TYPE	12	0.00150334067541	1.6130597473	6136537	5.49204901518
yWithMorphologySequentialStreamDropoutDev_BaselineLanguage_Fast_SaveLast_NoFinePOS.py	Slovak	Slovak	RANDOM_BY_TYPE	13	0.000713691809406	1.6130597473	6136537	5.49204901518
yWithMorphologySequentialStreamDropoutDev_BaselineLanguage_Fast_SaveLast_NoFinePOS.py	Slovak	Slovak	RANDOM_BY_TYPE	14	0.000705954105887	1.6130597473	6136537	5.49204901518
yWithMorphologySequentialStreamDropoutDev_BaselineLanguage_Fast_SaveLast_NoFinePOS.py	Slovak	Slovak	RANDOM_BY_TYPE	15	0.000470441620644	1.6130597473	6136537	5.49204901518
yWithMorphologySequentialStreamDropoutDev_BaselineLanguage_Fast_SaveLast_NoFinePOS.py	Slovak	Slovak	RANDOM_BY_TYPE	16	0.000425503351917	1.6130597473	6136537	5.49204901518
yWithMorphologySequentialStreamDropoutDev_BaselineLanguage_Fast_SaveLast_NoFinePOS.py	Slovak	Slovak	RANDOM_BY_TYPE	17	0	1.6130597473	6136537	5.49204901518
yWithMorphologySequentialStreamDropoutDev_BaselineLanguage_Fast_SaveLast_NoFinePOS.py	Slovak	Slovak	RANDOM_BY_TYPE	18	0	1.6130597473	6136537	5.49204901518
yWithMorphologySequentialStreamDropoutDev_BaselineLanguage_Fast_SaveLast_NoFinePOS.py	Slovak	Slovak	RANDOM_BY_TYPE	19	0	1.6130597473	6136537	5.49204901518
yWithMorphologySequentialStreamDropoutDev_BaselineLanguage_Fast_SaveLast_NoFinePOS.py	Slovak	Slovak	RANDOM_BY_TYPE	1	1.2842726291	1.61880990581	4133042	5.43679715669
yWithMorphologySequentialStreamDropoutDev_BaselineLanguage_Fast_SaveLast_NoFinePOS.py	Slovak	Slovak	RANDOM_BY_TYPE	2	0.220977592632	1.61880990581	4133042	5.43679715669
yWithMorphologySequentialStreamDropoutDev_BaselineLanguage_Fast_SaveLast_NoFinePOS.py	Slovak	Slovak	RANDOM_BY_TYPE	3	0.0497244884298	1.61880990581	4133042	5.43679715669
yWithMorphologySequentialStreamDropoutDev_BaselineLanguage_Fast_SaveLast_NoFinePOS.py	Slovak	Slovak	RANDOM_BY_TYPE	4	0.0230503922864	1.61880990581	4133042	5.43679715669
yWithMorphologySequentialStreamDropoutDev_BaselineLanguage_Fast_SaveLast_NoFinePOS.py	Slovak	Slovak	RANDOM_BY_TYPE	5	0.0151418125384	1.61880990581	4133042	5.43679715669
yWithMorphologySequentialStreamDropoutDev_BaselineLanguage_Fast_SaveLast_NoFinePOS.py	Slovak	Slovak	RANDOM_BY_TYPE	6	0.00443352918102	1.61880990581	4133042	5.43679715669
yWithMorphologySequentialStreamDropoutDev_BaselineLanguage_Fast_SaveLast_NoFinePOS.py	Slovak	Slovak	RANDOM_BY_TYPE	7	0.00766405773489	1.61880990581	4133042	5.43679715669
yWithMorphologySequentialStreamDropoutDev_BaselineLanguage_Fast_SaveLast_NoFinePOS.py	Slovak	Slovak	RANDOM_BY_TYPE	8	0.00316039148259	1.61880990581	4133042	5.43679715669
yWithMorphologySequentialStreamDropoutDev_BaselineLanguage_Fast_SaveLast_NoFinePOS.py	Slovak	Slovak	RANDOM_BY_TYPE	9	0.00313550862547	1.61880990581	4133042	5.43679715669
yWithMorphologySequentialStreamDropoutDev_BaselineLanguage_Fast_SaveLast_NoFinePOS.py	Slovak	Slovak	RANDOM_BY_TYPE	10	0.00233820137912	1.61880990581	4133042	5.43679715669
yWithMorphologySequentialStreamDropoutDev_BaselineLanguage_Fast_SaveLast_NoFinePOS.py	Slovak	Slovak	RANDOM_BY_TYPE	11	0.000636745111583	1.61880990581	4133042	5.43679715669
yWithMorphologySequentialStreamDropoutDev_BaselineLanguage_Fast_SaveLast_NoFinePOS.py	Slovak	Slovak	RANDOM_BY_TYPE	12	0.00215645142614	1.61880990581	4133042	5.43679715669
yWithMorphologySequentialStreamDropoutDev_BaselineLanguage_Fast_SaveLast_NoFinePOS.py	Slovak	Slovak	RANDOM_BY_TYPE	13	0.000266487222829	1.61880990581	4133042	5.43679715669
yWithMorphologySequentialStreamDropoutDev_BaselineLanguage_Fast_SaveLast_NoFinePOS.py	Slovak	Slovak	RANDOM_BY_TYPE	14	0.000805554487934	1.61880990581	4133042	5.43679715669
yWithMorphologySequentialStreamDropoutDev_BaselineLanguage_Fast_SaveLast_NoFinePOS.py	Slovak	Slovak	RANDOM_BY_TYPE	15	0.00058086538968	1.61880990581	4133042	5.43679715669
yWithMorphologySequentialStreamDropoutDev_BaselineLanguage_Fast_SaveLast_NoFinePOS.py	Slovak	Slovak	RANDOM_BY_TYPE	16	0	1.61880990581	4133042	5.43679715669
yWithMorphologySequentialStreamDropoutDev_BaselineLanguage_Fast_SaveLast_NoFinePOS.py	Slovak	Slovak	RANDOM_BY_TYPE	17	0.000115026513191	1.61880990581	4133042	5.43679715669
yWithMorphologySequentialStreamDropoutDev_BaselineLanguage_Fast_SaveLast_NoFinePOS.py	Slovak	Slovak	RANDOM_BY_TYPE	18	0.000715971891194	1.61880990581	4133042	5.43679715669
yWithMorphologySequentialStreamDropoutDev_BaselineLanguage_Fast_SaveLast_NoFinePOS.py	Slovak	Slovak	RANDOM_BY_TYPE	19	0	1.61880990581	4133042	5.43679715669
yWithMorphologySequentialStreamDropoutDev_BaselineLanguage_Fast_SaveLast_NoFinePOS.py	Slovak	Slovak	RANDOM_BY_TYPE	1	1.27784956249	1.61175195734	4540244	5.464293741
yWithMorphologySequentialStreamDropoutDev_BaselineLanguage_Fast_SaveLast_NoFinePOS.py	Slovak	Slovak	RANDOM_BY_TYPE	2	0.249760075179	1.61175195734	4540244	5.464293741
yWithMorphologySequentialStreamDropoutDev_BaselineLanguage_Fast_SaveLast_NoFinePOS.py	Slovak	Slovak	RANDOM_BY_TYPE	3	0.0402522540256	1.61175195734	4540244	5.464293741
yWithMorphologySequentialStreamDropoutDev_BaselineLanguage_Fast_SaveLast_NoFinePOS.py	Slovak	Slovak	RANDOM_BY_TYPE	4	0.012662442743	1.61175195734	4540244	5.464293741
yWithMorphologySequentialStreamDropoutDev_BaselineLanguage_Fast_SaveLast_NoFinePOS.py	Slovak	Slovak	RANDOM_BY_TYPE	5	0.00788696187816	1.61175195734	4540244	5.464293741
yWithMorphologySequentialStreamDropoutDev_BaselineLanguage_Fast_SaveLast_NoFinePOS.py	Slovak	Slovak	RANDOM_BY_TYPE	6	0.00822671072124	1.61175195734	4540244	5.464293741
yWithMorphologySequentialStreamDropoutDev_BaselineLanguage_Fast_SaveLast_NoFinePOS.py	Slovak	Slovak	RANDOM_BY_TYPE	7	0.00286259912465	1.61175195734	4540244	5.464293741
yWithMorphologySequentialStreamDropoutDev_BaselineLanguage_Fast_SaveLast_NoFinePOS.py	Slovak	Slovak	RANDOM_BY_TYPE	8	0.00237001564405	1.61175195734	4540244	5.464293741
yWithMorphologySequentialStreamDropoutDev_BaselineLanguage_Fast_SaveLast_NoFinePOS.py	Slovak	Slovak	RANDOM_BY_TYPE	9	0.00284421292886	1.61175195734	4540244	5.464293741
yWithMorphologySequentialStreamDropoutDev_BaselineLanguage_Fast_SaveLast_NoFinePOS.py	Slovak	Slovak	RANDOM_BY_TYPE	10	0.00181153155353	1.61175195734	4540244	5.464293741
yWithMorphologySequentialStreamDropoutDev_BaselineLanguage_Fast_SaveLast_NoFinePOS.py	Slovak	Slovak	RANDOM_BY_TYPE	11	0.00242859394583	1.61175195734	4540244	5.464293741
yWithMorphologySequentialStreamDropoutDev_BaselineLanguage_Fast_SaveLast_NoFinePOS.py	Slovak	Slovak	RANDOM_BY_TYPE	12	0.00035626606582	1.61175195734	4540244	5.464293741
yWithMorphologySequentialStreamDropoutDev_BaselineLanguage_Fast_SaveLast_NoFinePOS.py	Slovak	Slovak	RANDOM_BY_TYPE	13	0.00113282150602	1.61175195734	4540244	5.464293741
yWithMorphologySequentialStreamDropoutDev_BaselineLanguage_Fast_SaveLast_NoFinePOS.py	Slovak	Slovak	RANDOM_BY_TYPE	14	0.000251190915499	1.61175195734	4540244	5.464293741
yWithMorphologySequentialStreamDropoutDev_BaselineLanguage_Fast_SaveLast_NoFinePOS.py	Slovak	Slovak	RANDOM_BY_TYPE	15	0.000286355818788	1.61175195734	4540244	5.464293741
yWithMorphologySequentialStreamDropoutDev_BaselineLanguage_Fast_SaveLast_NoFinePOS.py	Slovak	Slovak	RANDOM_BY_TYPE	16	0.000237289356859	1.61175195734	4540244	5.464293741
yWithMorphologySequentialStreamDropoutDev_BaselineLanguage_Fast_SaveLast_NoFinePOS.py	Slovak	Slovak	RANDOM_BY_TYPE	17	0.000107022140124	1.61175195734	4540244	5.464293741
yWithMorphologySequentialStreamDropoutDev_BaselineLanguage_Fast_SaveLast_NoFinePOS.py	Slovak	Slovak	RANDOM_BY_TYPE	18	0.00049008057542	1.61175195734	4540244	5.464293741
yWithMorphologySequentialStreamDropoutDev_BaselineLanguage_Fast_SaveLast_NoFinePOS.py	Slovak	Slovak	RANDOM_BY_TYPE	19	0	1.61175195734	4540244	5.464293741
yWithMorphologySequentialStreamDropoutDev_BaselineLanguage_Fast_SaveLast_NoFinePOS.py	Slovak	Slovak	RANDOM_BY_TYPE	1	1.29912509963	1.59818629275	8033644	5.4664511336
yWithMorphologySequentialStreamDropoutDev_BaselineLanguage_Fast_SaveLast_NoFinePOS.py	Slovak	Slovak	RANDOM_BY_TYPE	2	0.142549643655	1.59818629275	8033644	5.4664511336
yWithMorphologySequentialStreamDropoutDev_BaselineLanguage_Fast_SaveLast_NoFinePOS.py	Slovak	Slovak	RANDOM_BY_TYPE	3	0.0549124838555	1.59818629275	8033644	5.4664511336
yWithMorphologySequentialStreamDropoutDev_BaselineLanguage_Fast_SaveLast_NoFinePOS.py	Slovak	Slovak	RANDOM_BY_TYPE	4	0.0322242802137	1.59818629275	8033644	5.4664511336
yWithMorphologySequentialStreamDropoutDev_BaselineLanguage_Fast_SaveLast_NoFinePOS.py	Slovak	Slovak	RANDOM_BY_TYPE	5	0.0231972307783	1.59818629275	8033644	5.4664511336
yWithMorphologySequentialStreamDropoutDev_BaselineLanguage_Fast_SaveLast_NoFinePOS.py	Slovak	Slovak	RANDOM_BY_TYPE	6	0.00652332848882	1.59818629275	8033644	5.4664511336
yWithMorphologySequentialStreamDropoutDev_BaselineLanguage_Fast_SaveLast_NoFinePOS.py	Slovak	Slovak	RANDOM_BY_TYPE	7	0.0104918105553	1.59818629275	8033644	5.4664511336
yWithMorphologySequentialStreamDropoutDev_BaselineLanguage_Fast_SaveLast_NoFinePOS.py	Slovak	Slovak	RANDOM_BY_TYPE	8	0.00806488198777	1.59818629275	8033644	5.4664511336
yWithMorphologySequentialStreamDropoutDev_BaselineLanguage_Fast_SaveLast_NoFinePOS.py	Slovak	Slovak	RANDOM_BY_TYPE	9	0.0063750875731	1.59818629275	8033644	5.4664511336
yWithMorphologySequentialStreamDropoutDev_BaselineLanguage_Fast_SaveLast_NoFinePOS.py	Slovak	Slovak	RANDOM_BY_TYPE	10	0.00335117019203	1.59818629275	8033644	5.4664511336
yWithMorphologySequentialStreamDropoutDev_BaselineLanguage_Fast_SaveLast_NoFinePOS.py	Slovak	Slovak	RANDOM_BY_TYPE	11	0.00449764226397	1.59818629275	8033644	5.4664511336
yWithMorphologySequentialStreamDropoutDev_BaselineLanguage_Fast_SaveLast_NoFinePOS.py	Slovak	Slovak	RANDOM_BY_TYPE	12	0.00022545526289	1.59818629275	8033644	5.4664511336
yWithMorphologySequentialStreamDropoutDev_BaselineLanguage_Fast_SaveLast_NoFinePOS.py	Slovak	Slovak	RANDOM_BY_TYPE	13	0.00261142225298	1.59818629275	8033644	5.4664511336
yWithMorphologySequentialStreamDropoutDev_BaselineLanguage_Fast_SaveLast_NoFinePOS.py	Slovak	Slovak	RANDOM_BY_TYPE	14	0.00145460007942	1.59818629275	8033644	5.4664511336
yWithMorphologySequentialStreamDropoutDev_BaselineLanguage_Fast_SaveLast_NoFinePOS.py	Slovak	Slovak	RANDOM_BY_TYPE	15	0.00110872171513	1.59818629275	8033644	5.4664511336
yWithMorphologySequentialStreamDropoutDev_BaselineLanguage_Fast_SaveLast_NoFinePOS.py	Slovak	Slovak	RANDOM_BY_TYPE	16	0.000348589232523	1.59818629275	8033644	5.4664511336
yWithMorphologySequentialStreamDropoutDev_BaselineLanguage_Fast_SaveLast_NoFinePOS.py	Slovak	Slovak	RANDOM_BY_TYPE	17	0.000374526765249	1.59818629275	8033644	5.4664511336
yWithMorphologySequentialStreamDropoutDev_BaselineLanguage_Fast_SaveLast_NoFinePOS.py	Slovak	Slovak	RANDOM_BY_TYPE	18	0.000499929875544	1.59818629275	8033644	5.4664511336
yWithMorphologySequentialStreamDropoutDev_BaselineLanguage_Fast_SaveLast_NoFinePOS.py	Slovak	Slovak	RANDOM_BY_TYPE	19	0.0002503883757	1.59818629275	8033644	5.4664511336
yWithMorphologySequentialStreamDropoutDev_BaselineLanguage_Fast_SaveLast_NoFinePOS.py	Slovak	Slovak	RANDOM_BY_TYPE	1	1.28223485334	1.58218772722	9570759	5.44862324065
yWithMorphologySequentialStreamDropoutDev_BaselineLanguage_Fast_SaveLast_NoFinePOS.py	Slovak	Slovak	RANDOM_BY_TYPE	2	0.188325694122	1.58218772722	9570759	5.44862324065
yWithMorphologySequentialStreamDropoutDev_BaselineLanguage_Fast_SaveLast_NoFinePOS.py	Slovak	Slovak	RANDOM_BY_TYPE	3	0.0510737235007	1.58218772722	9570759	5.44862324065
yWithMorphologySequentialStreamDropoutDev_BaselineLanguage_Fast_SaveLast_NoFinePOS.py	Slovak	Slovak	RANDOM_BY_TYPE	4	0.024341263469	1.58218772722	9570759	5.44862324065
yWithMorphologySequentialStreamDropoutDev_BaselineLanguage_Fast_SaveLast_NoFinePOS.py	Slovak	Slovak	RANDOM_BY_TYPE	5	0.00718729936913	1.58218772722	9570759	5.44862324065
yWithMorphologySequentialStreamDropoutDev_BaselineLanguage_Fast_SaveLast_NoFinePOS.py	Slovak	Slovak	RANDOM_BY_TYPE	6	0.00927410962647	1.58218772722	9570759	5.44862324065
yWithMorphologySequentialStreamDropoutDev_BaselineLanguage_Fast_SaveLast_NoFinePOS.py	Slovak	Slovak	RANDOM_BY_TYPE	7	0.00621026264478	1.58218772722	9570759	5.44862324065
yWithMorphologySequentialStreamDropoutDev_BaselineLanguage_Fast_SaveLast_NoFinePOS.py	Slovak	Slovak	RANDOM_BY_TYPE	8	0.00336637737816	1.58218772722	9570759	5.44862324065
yWithMorphologySequentialStreamDropoutDev_BaselineLanguage_Fast_SaveLast_NoFinePOS.py	Slovak	Slovak	RANDOM_BY_TYPE	9	0.00236092475179	1.58218772722	9570759	5.44862324065
yWithMorphologySequentialStreamDropoutDev_BaselineLanguage_Fast_SaveLast_NoFinePOS.py	Slovak	Slovak	RANDOM_BY_TYPE	10	0.00341492054397	1.58218772722	9570759	5.44862324065
yWithMorphologySequentialStreamDropoutDev_BaselineLanguage_Fast_SaveLast_NoFinePOS.py	Slovak	Slovak	RANDOM_BY_TYPE	11	0.000457829686061	1.58218772722	9570759	5.44862324065
yWithMorphologySequentialStreamDropoutDev_BaselineLanguage_Fast_SaveLast_NoFinePOS.py	Slovak	Slovak	RANDOM_BY_TYPE	12	0.00107840879323	1.58218772722	9570759	5.44862324065
yWithMorphologySequentialStreamDropoutDev_BaselineLanguage_Fast_SaveLast_NoFinePOS.py	Slovak	Slovak	RANDOM_BY_TYPE	13	0.000947688377067	1.58218772722	9570759	5.44862324065
yWithMorphologySequentialStreamDropoutDev_BaselineLanguage_Fast_SaveLast_NoFinePOS.py	Slovak	Slovak	RANDOM_BY_TYPE	14	0.000269581561219	1.58218772722	9570759	5.44862324065
yWithMorphologySequentialStreamDropoutDev_BaselineLanguage_Fast_SaveLast_NoFinePOS.py	Slovak	Slovak	RANDOM_BY_TYPE	15	0.000817809529501	1.58218772722	9570759	5.44862324065
yWithMorphologySequentialStreamDropoutDev_BaselineLanguage_Fast_SaveLast_NoFinePOS.py	Slovak	Slovak	RANDOM_BY_TYPE	16	0.000562916879784	1.58218772722	9570759	5.44862324065
yWithMorphologySequentialStreamDropoutDev_BaselineLanguage_Fast_SaveLast_NoFinePOS.py	Slovak	Slovak	RANDOM_BY_TYPE	17	0	1.58218772722	9570759	5.44862324065
yWithMorphologySequentialStreamDropoutDev_BaselineLanguage_Fast_SaveLast_NoFinePOS.py	Slovak	Slovak	RANDOM_BY_TYPE	18	0.000460743046787	1.58218772722	9570759	5.44862324065
yWithMorphologySequentialStreamDropoutDev_BaselineLanguage_Fast_SaveLast_NoFinePOS.py	Slovak	Slovak	RANDOM_BY_TYPE	19	0.000178947514051	1.58218772722	9570759	5.44862324065
yWithMorphologySequentialStreamDropoutDev_BaselineLanguage_Fast_SaveLast_NoFinePOS.py	Slovak	Slovak	RANDOM_BY_TYPE	1	1.26198136517	1.53844369295	7330080	5.46900987752
yWithMorphologySequentialStreamDropoutDev_BaselineLanguage_Fast_SaveLast_NoFinePOS.py	Slovak	Slovak	RANDOM_BY_TYPE	2	0.152650550865	1.53844369295	7330080	5.46900987752
yWithMorphologySequentialStreamDropoutDev_BaselineLanguage_Fast_SaveLast_NoFinePOS.py	Slovak	Slovak	RANDOM_BY_TYPE	3	0.0467169586926	1.53844369295	7330080	5.46900987752
yWithMorphologySequentialStreamDropoutDev_BaselineLanguage_Fast_SaveLast_NoFinePOS.py	Slovak	Slovak	RANDOM_BY_TYPE	4	0.0284313187616	1.53844369295	7330080	5.46900987752
yWithMorphologySequentialStreamDropoutDev_BaselineLanguage_Fast_SaveLast_NoFinePOS.py	Slovak	Slovak	RANDOM_BY_TYPE	5	0.0168683279459	1.53844369295	7330080	5.46900987752
yWithMorphologySequentialStreamDropoutDev_BaselineLanguage_Fast_SaveLast_NoFinePOS.py	Slovak	Slovak	RANDOM_BY_TYPE	6	0.00978592899564	1.53844369295	7330080	5.46900987752
yWithMorphologySequentialStreamDropoutDev_BaselineLanguage_Fast_SaveLast_NoFinePOS.py	Slovak	Slovak	RANDOM_BY_TYPE	7	0.00674713968414	1.53844369295	7330080	5.46900987752
yWithMorphologySequentialStreamDropoutDev_BaselineLanguage_Fast_SaveLast_NoFinePOS.py	Slovak	Slovak	RANDOM_BY_TYPE	8	0.00552744546982	1.53844369295	7330080	5.46900987752
yWithMorphologySequentialStreamDropoutDev_BaselineLanguage_Fast_SaveLast_NoFinePOS.py	Slovak	Slovak	RANDOM_BY_TYPE	9	0.00318269060083	1.53844369295	7330080	5.46900987752
yWithMorphologySequentialStreamDropoutDev_BaselineLanguage_Fast_SaveLast_NoFinePOS.py	Slovak	Slovak	RANDOM_BY_TYPE	10	0.00144453171181	1.53844369295	7330080	5.46900987752
yWithMorphologySequentialStreamDropoutDev_BaselineLanguage_Fast_SaveLast_NoFinePOS.py	Slovak	Slovak	RANDOM_BY_TYPE	11	0.00218857061373	1.53844369295	7330080	5.46900987752
yWithMorphologySequentialStreamDropoutDev_BaselineLanguage_Fast_SaveLast_NoFinePOS.py	Slovak	Slovak	RANDOM_BY_TYPE	12	0.000625977124253	1.53844369295	7330080	5.46900987752
yWithMorphologySequentialStreamDropoutDev_BaselineLanguage_Fast_SaveLast_NoFinePOS.py	Slovak	Slovak	RANDOM_BY_TYPE	13	0.000282383046738	1.53844369295	7330080	5.46900987752
yWithMorphologySequentialStreamDropoutDev_BaselineLanguage_Fast_SaveLast_NoFinePOS.py	Slovak	Slovak	RANDOM_BY_TYPE	14	4.50711952498e-05	1.53844369295	7330080	5.46900987752
yWithMorphologySequentialStreamDropoutDev_BaselineLanguage_Fast_SaveLast_NoFinePOS.py	Slovak	Slovak	RANDOM_BY_TYPE	15	0.000946718209411	1.53844369295	7330080	5.46900987752
yWithMorphologySequentialStreamDropoutDev_BaselineLanguage_Fast_SaveLast_NoFinePOS.py	Slovak	Slovak	RANDOM_BY_TYPE	16	0.000152692117103	1.53844369295	7330080	5.46900987752
yWithMorphologySequentialStreamDropoutDev_BaselineLanguage_Fast_SaveLast_NoFinePOS.py	Slovak	Slovak	RANDOM_BY_TYPE	17	0.000381116507805	1.53844369295	7330080	5.46900987752
yWithMorphologySequentialStreamDropoutDev_BaselineLanguage_Fast_SaveLast_NoFinePOS.py	Slovak	Slovak	RANDOM_BY_TYPE	18	0.000606106037963	1.53844369295	7330080	5.46900987752
yWithMorphologySequentialStreamDropoutDev_BaselineLanguage_Fast_SaveLast_NoFinePOS.py	Slovak	Slovak	RANDOM_BY_TYPE	19	0	1.53844369295	7330080	5.46900987752
yWithMorphologySequentialStreamDropoutDev_BaselineLanguage_Fast_SaveLast_NoFinePOS.py	Slovak	Slovak	RANDOM_BY_TYPE	1	1.35142303032	1.61576922405	211849649	5.47800495073
yWithMorphologySequentialStreamDropoutDev_BaselineLanguage_Fast_SaveLast_NoFinePOS.py	Slovak	Slovak	RANDOM_BY_TYPE	2	0.170273422664	1.61576922405	211849649	5.47800495073
yWithMorphologySequentialStreamDropoutDev_BaselineLanguage_Fast_SaveLast_NoFinePOS.py	Slovak	Slovak	RANDOM_BY_TYPE	3	0.0395632417235	1.61576922405	211849649	5.47800495073
yWithMorphologySequentialStreamDropoutDev_BaselineLanguage_Fast_SaveLast_NoFinePOS.py	Slovak	Slovak	RANDOM_BY_TYPE	4	0.0171425856548	1.61576922405	211849649	5.47800495073
yWithMorphologySequentialStreamDropoutDev_BaselineLanguage_Fast_SaveLast_NoFinePOS.py	Slovak	Slovak	RANDOM_BY_TYPE	5	0.0119080488812	1.61576922405	211849649	5.47800495073
yWithMorphologySequentialStreamDropoutDev_BaselineLanguage_Fast_SaveLast_NoFinePOS.py	Slovak	Slovak	RANDOM_BY_TYPE	6	0.00694565785258	1.61576922405	211849649	5.47800495073
yWithMorphologySequentialStreamDropoutDev_BaselineLanguage_Fast_SaveLast_NoFinePOS.py	Slovak	Slovak	RANDOM_BY_TYPE	7	0.00590707524999	1.61576922405	211849649	5.47800495073
yWithMorphologySequentialStreamDropoutDev_BaselineLanguage_Fast_SaveLast_NoFinePOS.py	Slovak	Slovak	RANDOM_BY_TYPE	8	0.003907791964	1.61576922405	211849649	5.47800495073
yWithMorphologySequentialStreamDropoutDev_BaselineLanguage_Fast_SaveLast_NoFinePOS.py	Slovak	Slovak	RANDOM_BY_TYPE	9	0.00223664237212	1.61576922405	211849649	5.47800495073
yWithMorphologySequentialStreamDropoutDev_BaselineLanguage_Fast_SaveLast_NoFinePOS.py	Slovak	Slovak	RANDOM_BY_TYPE	10	0.00174739222004	1.61576922405	211849649	5.47800495073
yWithMorphologySequentialStreamDropoutDev_BaselineLanguage_Fast_SaveLast_NoFinePOS.py	Slovak	Slovak	RANDOM_BY_TYPE	11	0.00171342622744	1.61576922405	211849649	5.47800495073
yWithMorphologySequentialStreamDropoutDev_BaselineLanguage_Fast_SaveLast_NoFinePOS.py	Slovak	Slovak	RANDOM_BY_TYPE	12	0.00138012227947	1.61576922405	211849649	5.47800495073
yWithMorphologySequentialStreamDropoutDev_BaselineLanguage_Fast_SaveLast_NoFinePOS.py	Slovak	Slovak	RANDOM_BY_TYPE	13	3.59345788823e-05	1.61576922405	211849649	5.47800495073
yWithMorphologySequentialStreamDropoutDev_BaselineLanguage_Fast_SaveLast_NoFinePOS.py	Slovak	Slovak	RANDOM_BY_TYPE	14	0.000444927525847	1.61576922405	211849649	5.47800495073
yWithMorphologySequentialStreamDropoutDev_BaselineLanguage_Fast_SaveLast_NoFinePOS.py	Slovak	Slovak	RANDOM_BY_TYPE	15	0.00151309240354	1.61576922405	211849649	5.47800495073
yWithMorphologySequentialStreamDropoutDev_BaselineLanguage_Fast_SaveLast_NoFinePOS.py	Slovak	Slovak	RANDOM_BY_TYPE	16	0	1.61576922405	211849649	5.47800495073
yWithMorphologySequentialStreamDropoutDev_BaselineLanguage_Fast_SaveLast_NoFinePOS.py	Slovak	Slovak	RANDOM_BY_TYPE	17	0.000425040272817	1.61576922405	211849649	5.47800495073
yWithMorphologySequentialStreamDropoutDev_BaselineLanguage_Fast_SaveLast_NoFinePOS.py	Slovak	Slovak	RANDOM_BY_TYPE	18	0	1.61576922405	211849649	5.47800495073
yWithMorphologySequentialStreamDropoutDev_BaselineLanguage_Fast_SaveLast_NoFinePOS.py	Slovak	Slovak	RANDOM_BY_TYPE	19	0	1.61576922405	211849649	5.47800495073
yWithMorphologySequentialStreamDropoutDev_BaselineLanguage_Fast_SaveLast_NoFinePOS.py	Slovak	Slovak	RANDOM_BY_TYPE	1	1.26922922714	1.60254904256	2152437	5.51259967281
yWithMorphologySequentialStreamDropoutDev_BaselineLanguage_Fast_SaveLast_NoFinePOS.py	Slovak	Slovak	RANDOM_BY_TYPE	2	0.238122392476	1.60254904256	2152437	5.51259967281
yWithMorphologySequentialStreamDropoutDev_BaselineLanguage_Fast_SaveLast_NoFinePOS.py	Slovak	Slovak	RANDOM_BY_TYPE	3	0.0419459149037	1.60254904256	2152437	5.51259967281
yWithMorphologySequentialStreamDropoutDev_BaselineLanguage_Fast_SaveLast_NoFinePOS.py	Slovak	Slovak	RANDOM_BY_TYPE	4	0.0158800439884	1.60254904256	2152437	5.51259967281
yWithMorphologySequentialStreamDropoutDev_BaselineLanguage_Fast_SaveLast_NoFinePOS.py	Slovak	Slovak	RANDOM_BY_TYPE	5	0.0117962855999	1.60254904256	2152437	5.51259967281
yWithMorphologySequentialStreamDropoutDev_BaselineLanguage_Fast_SaveLast_NoFinePOS.py	Slovak	Slovak	RANDOM_BY_TYPE	6	0.00770404714428	1.60254904256	2152437	5.51259967281
yWithMorphologySequentialStreamDropoutDev_BaselineLanguage_Fast_SaveLast_NoFinePOS.py	Slovak	Slovak	RANDOM_BY_TYPE	7	0.00333617243865	1.60254904256	2152437	5.51259967281
yWithMorphologySequentialStreamDropoutDev_BaselineLanguage_Fast_SaveLast_NoFinePOS.py	Slovak	Slovak	RANDOM_BY_TYPE	8	0.00510306097057	1.60254904256	2152437	5.51259967281
yWithMorphologySequentialStreamDropoutDev_BaselineLanguage_Fast_SaveLast_NoFinePOS.py	Slovak	Slovak	RANDOM_BY_TYPE	9	0.000224339063853	1.60254904256	2152437	5.51259967281
yWithMorphologySequentialStreamDropoutDev_BaselineLanguage_Fast_SaveLast_NoFinePOS.py	Slovak	Slovak	RANDOM_BY_TYPE	10	0.00329737234606	1.60254904256	2152437	5.51259967281
yWithMorphologySequentialStreamDropoutDev_BaselineLanguage_Fast_SaveLast_NoFinePOS.py	Slovak	Slovak	RANDOM_BY_TYPE	11	0.0025077225819	1.60254904256	2152437	5.51259967281
yWithMorphologySequentialStreamDropoutDev_BaselineLanguage_Fast_SaveLast_NoFinePOS.py	Slovak	Slovak	RANDOM_BY_TYPE	12	0.00110127411477	1.60254904256	2152437	5.51259967281
yWithMorphologySequentialStreamDropoutDev_BaselineLanguage_Fast_SaveLast_NoFinePOS.py	Slovak	Slovak	RANDOM_BY_TYPE	13	0.000757246597173	1.60254904256	2152437	5.51259967281
yWithMorphologySequentialStreamDropoutDev_BaselineLanguage_Fast_SaveLast_NoFinePOS.py	Slovak	Slovak	RANDOM_BY_TYPE	14	0.000228580056804	1.60254904256	2152437	5.51259967281
yWithMorphologySequentialStreamDropoutDev_BaselineLanguage_Fast_SaveLast_NoFinePOS.py	Slovak	Slovak	RANDOM_BY_TYPE	15	0.000629727766938	1.60254904256	2152437	5.51259967281
yWithMorphologySequentialStreamDropoutDev_BaselineLanguage_Fast_SaveLast_NoFinePOS.py	Slovak	Slovak	RANDOM_BY_TYPE	16	0.000154218894162	1.60254904256	2152437	5.51259967281
yWithMorphologySequentialStreamDropoutDev_BaselineLanguage_Fast_SaveLast_NoFinePOS.py	Slovak	Slovak	RANDOM_BY_TYPE	17	0.000143628087762	1.60254904256	2152437	5.51259967281
yWithMorphologySequentialStreamDropoutDev_BaselineLanguage_Fast_SaveLast_NoFinePOS.py	Slovak	Slovak	RANDOM_BY_TYPE	18	0.000699862143765	1.60254904256	2152437	5.51259967281
yWithMorphologySequentialStreamDropoutDev_BaselineLanguage_Fast_SaveLast_NoFinePOS.py	Slovak	Slovak	RANDOM_BY_TYPE	19	0	1.60254904256	2152437	5.51259967281
yWithMorphologySequentialStreamDropoutDev_BaselineLanguage_Fast_SaveLast_NoFinePOS.py	Slovak	Slovak	RANDOM_BY_TYPE	1	1.18239861355	1.51615356995	6801472	5.42858710452
yWithMorphologySequentialStreamDropoutDev_BaselineLanguage_Fast_SaveLast_NoFinePOS.py	Slovak	Slovak	RANDOM_BY_TYPE	2	0.216104721329	1.51615356995	6801472	5.42858710452
yWithMorphologySequentialStreamDropoutDev_BaselineLanguage_Fast_SaveLast_NoFinePOS.py	Slovak	Slovak	RANDOM_BY_TYPE	3	0.054205680465	1.51615356995	6801472	5.42858710452
yWithMorphologySequentialStreamDropoutDev_BaselineLanguage_Fast_SaveLast_NoFinePOS.py	Slovak	Slovak	RANDOM_BY_TYPE	4	0.0221095395823	1.51615356995	6801472	5.42858710452
yWithMorphologySequentialStreamDropoutDev_BaselineLanguage_Fast_SaveLast_NoFinePOS.py	Slovak	Slovak	RANDOM_BY_TYPE	5	0.0109247250508	1.51615356995	6801472	5.42858710452
yWithMorphologySequentialStreamDropoutDev_BaselineLanguage_Fast_SaveLast_NoFinePOS.py	Slovak	Slovak	RANDOM_BY_TYPE	6	0.00959268408279	1.51615356995	6801472	5.42858710452
yWithMorphologySequentialStreamDropoutDev_BaselineLanguage_Fast_SaveLast_NoFinePOS.py	Slovak	Slovak	RANDOM_BY_TYPE	7	0.00504563095635	1.51615356995	6801472	5.42858710452
yWithMorphologySequentialStreamDropoutDev_BaselineLanguage_Fast_SaveLast_NoFinePOS.py	Slovak	Slovak	RANDOM_BY_TYPE	8	0.00243335035566	1.51615356995	6801472	5.42858710452
yWithMorphologySequentialStreamDropoutDev_BaselineLanguage_Fast_SaveLast_NoFinePOS.py	Slovak	Slovak	RANDOM_BY_TYPE	9	0.00537476233424	1.51615356995	6801472	5.42858710452
yWithMorphologySequentialStreamDropoutDev_BaselineLanguage_Fast_SaveLast_NoFinePOS.py	Slovak	Slovak	RANDOM_BY_TYPE	10	0.00193653078112	1.51615356995	6801472	5.42858710452
yWithMorphologySequentialStreamDropoutDev_BaselineLanguage_Fast_SaveLast_NoFinePOS.py	Slovak	Slovak	RANDOM_BY_TYPE	11	0.00117989019172	1.51615356995	6801472	5.42858710452
yWithMorphologySequentialStreamDropoutDev_BaselineLanguage_Fast_SaveLast_NoFinePOS.py	Slovak	Slovak	RANDOM_BY_TYPE	12	0.000907870228976	1.51615356995	6801472	5.42858710452
yWithMorphologySequentialStreamDropoutDev_BaselineLanguage_Fast_SaveLast_NoFinePOS.py	Slovak	Slovak	RANDOM_BY_TYPE	13	0.000943621258213	1.51615356995	6801472	5.42858710452
yWithMorphologySequentialStreamDropoutDev_BaselineLanguage_Fast_SaveLast_NoFinePOS.py	Slovak	Slovak	RANDOM_BY_TYPE	14	0.00107754464835	1.51615356995	6801472	5.42858710452
yWithMorphologySequentialStreamDropoutDev_BaselineLanguage_Fast_SaveLast_NoFinePOS.py	Slovak	Slovak	RANDOM_BY_TYPE	15	0.00105510607158	1.51615356995	6801472	5.42858710452
yWithMorphologySequentialStreamDropoutDev_BaselineLanguage_Fast_SaveLast_NoFinePOS.py	Slovak	Slovak	RANDOM_BY_TYPE	16	0.00059020458019	1.51615356995	6801472	5.42858710452
yWithMorphologySequentialStreamDropoutDev_BaselineLanguage_Fast_SaveLast_NoFinePOS.py	Slovak	Slovak	RANDOM_BY_TYPE	17	0.000323300084022	1.51615356995	6801472	5.42858710452
yWithMorphologySequentialStreamDropoutDev_BaselineLanguage_Fast_SaveLast_NoFinePOS.py	Slovak	Slovak	RANDOM_BY_TYPE	18	0	1.51615356995	6801472	5.42858710452
yWithMorphologySequentialStreamDropoutDev_BaselineLanguage_Fast_SaveLast_NoFinePOS.py	Slovak	Slovak	RANDOM_BY_TYPE	19	0	1.51615356995	6801472	5.42858710452
yWithMorphologySequentialStreamDropoutDev_BaselineLanguage_Fast_SaveLast_NoFinePOS.py	Slovak	Slovak	RANDOM_BY_TYPE	1	1.31183262324	1.59231312022	5958355	5.45890370256
yWithMorphologySequentialStreamDropoutDev_BaselineLanguage_Fast_SaveLast_NoFinePOS.py	Slovak	Slovak	RANDOM_BY_TYPE	2	0.17668557261	1.59231312022	5958355	5.45890370256
yWithMorphologySequentialStreamDropoutDev_BaselineLanguage_Fast_SaveLast_NoFinePOS.py	Slovak	Slovak	RANDOM_BY_TYPE	3	0.0410170352622	1.59231312022	5958355	5.45890370256
yWithMorphologySequentialStreamDropoutDev_BaselineLanguage_Fast_SaveLast_NoFinePOS.py	Slovak	Slovak	RANDOM_BY_TYPE	4	0.0205797858434	1.59231312022	5958355	5.45890370256
yWithMorphologySequentialStreamDropoutDev_BaselineLanguage_Fast_SaveLast_NoFinePOS.py	Slovak	Slovak	RANDOM_BY_TYPE	5	0.0127360991419	1.59231312022	5958355	5.45890370256
yWithMorphologySequentialStreamDropoutDev_BaselineLanguage_Fast_SaveLast_NoFinePOS.py	Slovak	Slovak	RANDOM_BY_TYPE	6	0.00581804958925	1.59231312022	5958355	5.45890370256
yWithMorphologySequentialStreamDropoutDev_BaselineLanguage_Fast_SaveLast_NoFinePOS.py	Slovak	Slovak	RANDOM_BY_TYPE	7	0.00495425270845	1.59231312022	5958355	5.45890370256
yWithMorphologySequentialStreamDropoutDev_BaselineLanguage_Fast_SaveLast_NoFinePOS.py	Slovak	Slovak	RANDOM_BY_TYPE	8	0.00630186930911	1.59231312022	5958355	5.45890370256
yWithMorphologySequentialStreamDropoutDev_BaselineLanguage_Fast_SaveLast_NoFinePOS.py	Slovak	Slovak	RANDOM_BY_TYPE	9	0.00317140446134	1.59231312022	5958355	5.45890370256
yWithMorphologySequentialStreamDropoutDev_BaselineLanguage_Fast_SaveLast_NoFinePOS.py	Slovak	Slovak	RANDOM_BY_TYPE	10	0.00276727790702	1.59231312022	5958355	5.45890370256
yWithMorphologySequentialStreamDropoutDev_BaselineLanguage_Fast_SaveLast_NoFinePOS.py	Slovak	Slovak	RANDOM_BY_TYPE	11	0.00179175424249	1.59231312022	5958355	5.45890370256
yWithMorphologySequentialStreamDropoutDev_BaselineLanguage_Fast_SaveLast_NoFinePOS.py	Slovak	Slovak	RANDOM_BY_TYPE	12	0.00100746109878	1.59231312022	5958355	5.45890370256
yWithMorphologySequentialStreamDropoutDev_BaselineLanguage_Fast_SaveLast_NoFinePOS.py	Slovak	Slovak	RANDOM_BY_TYPE	13	0.000583893836361	1.59231312022	5958355	5.45890370256
yWithMorphologySequentialStreamDropoutDev_BaselineLanguage_Fast_SaveLast_NoFinePOS.py	Slovak	Slovak	RANDOM_BY_TYPE	14	0.00121727275522	1.59231312022	5958355	5.45890370256
yWithMorphologySequentialStreamDropoutDev_BaselineLanguage_Fast_SaveLast_NoFinePOS.py	Slovak	Slovak	RANDOM_BY_TYPE	15	0.000419119163735	1.59231312022	5958355	5.45890370256
yWithMorphologySequentialStreamDropoutDev_BaselineLanguage_Fast_SaveLast_NoFinePOS.py	Slovak	Slovak	RANDOM_BY_TYPE	16	0.000427774778784	1.59231312022	5958355	5.45890370256
yWithMorphologySequentialStreamDropoutDev_BaselineLanguage_Fast_SaveLast_NoFinePOS.py	Slovak	Slovak	RANDOM_BY_TYPE	17	0.00036184056981	1.59231312022	5958355	5.45890370256
yWithMorphologySequentialStreamDropoutDev_BaselineLanguage_Fast_SaveLast_NoFinePOS.py	Slovak	Slovak	RANDOM_BY_TYPE	18	0.000554674373914	1.59231312022	5958355	5.45890370256
yWithMorphologySequentialStreamDropoutDev_BaselineLanguage_Fast_SaveLast_NoFinePOS.py	Slovak	Slovak	RANDOM_BY_TYPE	19	8.53593218819e-05	1.59231312022	5958355	5.45890370256
yWithMorphologySequentialStreamDropoutDev_BaselineLanguage_Fast_SaveLast_NoFinePOS.py	Slovak	Slovak	RANDOM_BY_TYPE	1	1.34870357317	1.60206399278	1752997	5.50926987561
yWithMorphologySequentialStreamDropoutDev_BaselineLanguage_Fast_SaveLast_NoFinePOS.py	Slovak	Slovak	RANDOM_BY_TYPE	2	0.165321682414	1.60206399278	1752997	5.50926987561
yWithMorphologySequentialStreamDropoutDev_BaselineLanguage_Fast_SaveLast_NoFinePOS.py	Slovak	Slovak	RANDOM_BY_TYPE	3	0.0386540848915	1.60206399278	1752997	5.50926987561
yWithMorphologySequentialStreamDropoutDev_BaselineLanguage_Fast_SaveLast_NoFinePOS.py	Slovak	Slovak	RANDOM_BY_TYPE	4	0.0200991764461	1.60206399278	1752997	5.50926987561
yWithMorphologySequentialStreamDropoutDev_BaselineLanguage_Fast_SaveLast_NoFinePOS.py	Slovak	Slovak	RANDOM_BY_TYPE	5	0.00901031253273	1.60206399278	1752997	5.50926987561
yWithMorphologySequentialStreamDropoutDev_BaselineLanguage_Fast_SaveLast_NoFinePOS.py	Slovak	Slovak	RANDOM_BY_TYPE	6	0.0077975453171	1.60206399278	1752997	5.50926987561
yWithMorphologySequentialStreamDropoutDev_BaselineLanguage_Fast_SaveLast_NoFinePOS.py	Slovak	Slovak	RANDOM_BY_TYPE	7	0.00343179065887	1.60206399278	1752997	5.50926987561
yWithMorphologySequentialStreamDropoutDev_BaselineLanguage_Fast_SaveLast_NoFinePOS.py	Slovak	Slovak	RANDOM_BY_TYPE	8	0.00314602284399	1.60206399278	1752997	5.50926987561
yWithMorphologySequentialStreamDropoutDev_BaselineLanguage_Fast_SaveLast_NoFinePOS.py	Slovak	Slovak	RANDOM_BY_TYPE	9	0.00257609670293	1.60206399278	1752997	5.50926987561
yWithMorphologySequentialStreamDropoutDev_BaselineLanguage_Fast_SaveLast_NoFinePOS.py	Slovak	Slovak	RANDOM_BY_TYPE	10	0.000818290000093	1.60206399278	1752997	5.50926987561
yWithMorphologySequentialStreamDropoutDev_BaselineLanguage_Fast_SaveLast_NoFinePOS.py	Slovak	Slovak	RANDOM_BY_TYPE	11	6.35642303179e-05	1.60206399278	1752997	5.50926987561
yWithMorphologySequentialStreamDropoutDev_BaselineLanguage_Fast_SaveLast_NoFinePOS.py	Slovak	Slovak	RANDOM_BY_TYPE	12	0.000824578535067	1.60206399278	1752997	5.50926987561
yWithMorphologySequentialStreamDropoutDev_BaselineLanguage_Fast_SaveLast_NoFinePOS.py	Slovak	Slovak	RANDOM_BY_TYPE	13	0.00132176059566	1.60206399278	1752997	5.50926987561
yWithMorphologySequentialStreamDropoutDev_BaselineLanguage_Fast_SaveLast_NoFinePOS.py	Slovak	Slovak	RANDOM_BY_TYPE	14	0.000377399545826	1.60206399278	1752997	5.50926987561
yWithMorphologySequentialStreamDropoutDev_BaselineLanguage_Fast_SaveLast_NoFinePOS.py	Slovak	Slovak	RANDOM_BY_TYPE	15	0	1.60206399278	1752997	5.50926987561
yWithMorphologySequentialStreamDropoutDev_BaselineLanguage_Fast_SaveLast_NoFinePOS.py	Slovak	Slovak	RANDOM_BY_TYPE	16	0.000263786928294	1.60206399278	1752997	5.50926987561
yWithMorphologySequentialStreamDropoutDev_BaselineLanguage_Fast_SaveLast_NoFinePOS.py	Slovak	Slovak	RANDOM_BY_TYPE	17	0	1.60206399278	1752997	5.50926987561
yWithMorphologySequentialStreamDropoutDev_BaselineLanguage_Fast_SaveLast_NoFinePOS.py	Slovak	Slovak	RANDOM_BY_TYPE	18	4.63084407047e-05	1.60206399278	1752997	5.50926987561
yWithMorphologySequentialStreamDropoutDev_BaselineLanguage_Fast_SaveLast_NoFinePOS.py	Slovak	Slovak	RANDOM_BY_TYPE	19	0	1.60206399278	1752997	5.50926987561
yWithMorphologySequentialStreamDropoutDev_BaselineLanguage_Fast_SaveLast_NoFinePOS.py	Slovak	Slovak	RANDOM_BY_TYPE	1	1.44145592631	1.65367040242	9851334	5.49967973302
yWithMorphologySequentialStreamDropoutDev_BaselineLanguage_Fast_SaveLast_NoFinePOS.py	Slovak	Slovak	RANDOM_BY_TYPE	2	0.127171206964	1.65367040242	9851334	5.49967973302
yWithMorphologySequentialStreamDropoutDev_BaselineLanguage_Fast_SaveLast_NoFinePOS.py	Slovak	Slovak	RANDOM_BY_TYPE	3	0.0326890662108	1.65367040242	9851334	5.49967973302
yWithMorphologySequentialStreamDropoutDev_BaselineLanguage_Fast_SaveLast_NoFinePOS.py	Slovak	Slovak	RANDOM_BY_TYPE	4	0.0169616305257	1.65367040242	9851334	5.49967973302
yWithMorphologySequentialStreamDropoutDev_BaselineLanguage_Fast_SaveLast_NoFinePOS.py	Slovak	Slovak	RANDOM_BY_TYPE	5	0.00958455160056	1.65367040242	9851334	5.49967973302
yWithMorphologySequentialStreamDropoutDev_BaselineLanguage_Fast_SaveLast_NoFinePOS.py	Slovak	Slovak	RANDOM_BY_TYPE	6	0.00765332518375	1.65367040242	9851334	5.49967973302
yWithMorphologySequentialStreamDropoutDev_BaselineLanguage_Fast_SaveLast_NoFinePOS.py	Slovak	Slovak	RANDOM_BY_TYPE	7	0.00449085496876	1.65367040242	9851334	5.49967973302
yWithMorphologySequentialStreamDropoutDev_BaselineLanguage_Fast_SaveLast_NoFinePOS.py	Slovak	Slovak	RANDOM_BY_TYPE	8	0.00359394856512	1.65367040242	9851334	5.49967973302
yWithMorphologySequentialStreamDropoutDev_BaselineLanguage_Fast_SaveLast_NoFinePOS.py	Slovak	Slovak	RANDOM_BY_TYPE	9	0.00245525244981	1.65367040242	9851334	5.49967973302
yWithMorphologySequentialStreamDropoutDev_BaselineLanguage_Fast_SaveLast_NoFinePOS.py	Slovak	Slovak	RANDOM_BY_TYPE	10	0.00300011259236	1.65367040242	9851334	5.49967973302
yWithMorphologySequentialStreamDropoutDev_BaselineLanguage_Fast_SaveLast_NoFinePOS.py	Slovak	Slovak	RANDOM_BY_TYPE	11	0.00142050062957	1.65367040242	9851334	5.49967973302
yWithMorphologySequentialStreamDropoutDev_BaselineLanguage_Fast_SaveLast_NoFinePOS.py	Slovak	Slovak	RANDOM_BY_TYPE	12	0.00140724533225	1.65367040242	9851334	5.49967973302
yWithMorphologySequentialStreamDropoutDev_BaselineLanguage_Fast_SaveLast_NoFinePOS.py	Slovak	Slovak	RANDOM_BY_TYPE	13	0.000603889602504	1.65367040242	9851334	5.49967973302
yWithMorphologySequentialStreamDropoutDev_BaselineLanguage_Fast_SaveLast_NoFinePOS.py	Slovak	Slovak	RANDOM_BY_TYPE	14	0.000615907695195	1.65367040242	9851334	5.49967973302
yWithMorphologySequentialStreamDropoutDev_BaselineLanguage_Fast_SaveLast_NoFinePOS.py	Slovak	Slovak	RANDOM_BY_TYPE	15	0.000597634952363	1.65367040242	9851334	5.49967973302
yWithMorphologySequentialStreamDropoutDev_BaselineLanguage_Fast_SaveLast_NoFinePOS.py	Slovak	Slovak	RANDOM_BY_TYPE	16	0	1.65367040242	9851334	5.49967973302
yWithMorphologySequentialStreamDropoutDev_BaselineLanguage_Fast_SaveLast_NoFinePOS.py	Slovak	Slovak	RANDOM_BY_TYPE	17	0	1.65367040242	9851334	5.49967973302
yWithMorphologySequentialStreamDropoutDev_BaselineLanguage_Fast_SaveLast_NoFinePOS.py	Slovak	Slovak	RANDOM_BY_TYPE	18	0	1.65367040242	9851334	5.49967973302
yWithMorphologySequentialStreamDropoutDev_BaselineLanguage_Fast_SaveLast_NoFinePOS.py	Slovak	Slovak	RANDOM_BY_TYPE	19	0.000439681133179	1.65367040242	9851334	5.49967973302
yWithMorphologySequentialStreamDropoutDev_BaselineLanguage_Fast_SaveLast_NoFinePOS.py	Slovak	Slovak	RANDOM_BY_TYPE	1	1.32674131777	1.66197505054	6473617	5.50071207207
yWithMorphologySequentialStreamDropoutDev_BaselineLanguage_Fast_SaveLast_NoFinePOS.py	Slovak	Slovak	RANDOM_BY_TYPE	2	0.224379033503	1.66197505054	6473617	5.50071207207
yWithMorphologySequentialStreamDropoutDev_BaselineLanguage_Fast_SaveLast_NoFinePOS.py	Slovak	Slovak	RANDOM_BY_TYPE	3	0.0542087846423	1.66197505054	6473617	5.50071207207
yWithMorphologySequentialStreamDropoutDev_BaselineLanguage_Fast_SaveLast_NoFinePOS.py	Slovak	Slovak	RANDOM_BY_TYPE	4	0.0204717516899	1.66197505054	6473617	5.50071207207
yWithMorphologySequentialStreamDropoutDev_BaselineLanguage_Fast_SaveLast_NoFinePOS.py	Slovak	Slovak	RANDOM_BY_TYPE	5	0.00681941378607	1.66197505054	6473617	5.50071207207
yWithMorphologySequentialStreamDropoutDev_BaselineLanguage_Fast_SaveLast_NoFinePOS.py	Slovak	Slovak	RANDOM_BY_TYPE	6	0.0104202720809	1.66197505054	6473617	5.50071207207
yWithMorphologySequentialStreamDropoutDev_BaselineLanguage_Fast_SaveLast_NoFinePOS.py	Slovak	Slovak	RANDOM_BY_TYPE	7	0.00684559773909	1.66197505054	6473617	5.50071207207
yWithMorphologySequentialStreamDropoutDev_BaselineLanguage_Fast_SaveLast_NoFinePOS.py	Slovak	Slovak	RANDOM_BY_TYPE	8	0.00212759657265	1.66197505054	6473617	5.50071207207
yWithMorphologySequentialStreamDropoutDev_BaselineLanguage_Fast_SaveLast_NoFinePOS.py	Slovak	Slovak	RANDOM_BY_TYPE	9	0.00241015810673	1.66197505054	6473617	5.50071207207
yWithMorphologySequentialStreamDropoutDev_BaselineLanguage_Fast_SaveLast_NoFinePOS.py	Slovak	Slovak	RANDOM_BY_TYPE	10	0.00124541304699	1.66197505054	6473617	5.50071207207
yWithMorphologySequentialStreamDropoutDev_BaselineLanguage_Fast_SaveLast_NoFinePOS.py	Slovak	Slovak	RANDOM_BY_TYPE	11	0.00176909255655	1.66197505054	6473617	5.50071207207
yWithMorphologySequentialStreamDropoutDev_BaselineLanguage_Fast_SaveLast_NoFinePOS.py	Slovak	Slovak	RANDOM_BY_TYPE	12	0.00131381799097	1.66197505054	6473617	5.50071207207
yWithMorphologySequentialStreamDropoutDev_BaselineLanguage_Fast_SaveLast_NoFinePOS.py	Slovak	Slovak	RANDOM_BY_TYPE	13	0.00128095758288	1.66197505054	6473617	5.50071207207
yWithMorphologySequentialStreamDropoutDev_BaselineLanguage_Fast_SaveLast_NoFinePOS.py	Slovak	Slovak	RANDOM_BY_TYPE	14	0.000465847858011	1.66197505054	6473617	5.50071207207
yWithMorphologySequentialStreamDropoutDev_BaselineLanguage_Fast_SaveLast_NoFinePOS.py	Slovak	Slovak	RANDOM_BY_TYPE	15	0.000474637746811	1.66197505054	6473617	5.50071207207
yWithMorphologySequentialStreamDropoutDev_BaselineLanguage_Fast_SaveLast_NoFinePOS.py	Slovak	Slovak	RANDOM_BY_TYPE	16	7.91994267946e-05	1.66197505054	6473617	5.50071207207
yWithMorphologySequentialStreamDropoutDev_BaselineLanguage_Fast_SaveLast_NoFinePOS.py	Slovak	Slovak	RANDOM_BY_TYPE	17	0.000801837281005	1.66197505054	6473617	5.50071207207
yWithMorphologySequentialStreamDropoutDev_BaselineLanguage_Fast_SaveLast_NoFinePOS.py	Slovak	Slovak	RANDOM_BY_TYPE	18	0	1.66197505054	6473617	5.50071207207
yWithMorphologySequentialStreamDropoutDev_BaselineLanguage_Fast_SaveLast_NoFinePOS.py	Slovak	Slovak	RANDOM_BY_TYPE	19	0.000409177884664	1.66197505054	6473617	5.50071207207
yWithMorphologySequentialStreamDropoutDev_BaselineLanguage_Fast_SaveLast_NoFinePOS.py	Slovak	Slovak	RANDOM_BY_TYPE	1	1.2258664005	1.54889272227	6489778	5.51784094115
yWithMorphologySequentialStreamDropoutDev_BaselineLanguage_Fast_SaveLast_NoFinePOS.py	Slovak	Slovak	RANDOM_BY_TYPE	2	0.179755944789	1.54889272227	6489778	5.51784094115
yWithMorphologySequentialStreamDropoutDev_BaselineLanguage_Fast_SaveLast_NoFinePOS.py	Slovak	Slovak	RANDOM_BY_TYPE	3	0.0616141745081	1.54889272227	6489778	5.51784094115
yWithMorphologySequentialStreamDropoutDev_BaselineLanguage_Fast_SaveLast_NoFinePOS.py	Slovak	Slovak	RANDOM_BY_TYPE	4	0.0308419805684	1.54889272227	6489778	5.51784094115
yWithMorphologySequentialStreamDropoutDev_BaselineLanguage_Fast_SaveLast_NoFinePOS.py	Slovak	Slovak	RANDOM_BY_TYPE	5	0.0232410323946	1.54889272227	6489778	5.51784094115
yWithMorphologySequentialStreamDropoutDev_BaselineLanguage_Fast_SaveLast_NoFinePOS.py	Slovak	Slovak	RANDOM_BY_TYPE	6	0.00846347523062	1.54889272227	6489778	5.51784094115
yWithMorphologySequentialStreamDropoutDev_BaselineLanguage_Fast_SaveLast_NoFinePOS.py	Slovak	Slovak	RANDOM_BY_TYPE	7	0.00679348699034	1.54889272227	6489778	5.51784094115
yWithMorphologySequentialStreamDropoutDev_BaselineLanguage_Fast_SaveLast_NoFinePOS.py	Slovak	Slovak	RANDOM_BY_TYPE	8	0.00470377067997	1.54889272227	6489778	5.51784094115
yWithMorphologySequentialStreamDropoutDev_BaselineLanguage_Fast_SaveLast_NoFinePOS.py	Slovak	Slovak	RANDOM_BY_TYPE	9	0.00323505511839	1.54889272227	6489778	5.51784094115
yWithMorphologySequentialStreamDropoutDev_BaselineLanguage_Fast_SaveLast_NoFinePOS.py	Slovak	Slovak	RANDOM_BY_TYPE	10	0.00162284059884	1.54889272227	6489778	5.51784094115
yWithMorphologySequentialStreamDropoutDev_BaselineLanguage_Fast_SaveLast_NoFinePOS.py	Slovak	Slovak	RANDOM_BY_TYPE	11	0.00109408359005	1.54889272227	6489778	5.51784094115
yWithMorphologySequentialStreamDropoutDev_BaselineLanguage_Fast_SaveLast_NoFinePOS.py	Slovak	Slovak	RANDOM_BY_TYPE	12	0.00151226781819	1.54889272227	6489778	5.51784094115
yWithMorphologySequentialStreamDropoutDev_BaselineLanguage_Fast_SaveLast_NoFinePOS.py	Slovak	Slovak	RANDOM_BY_TYPE	13	0	1.54889272227	6489778	5.51784094115
yWithMorphologySequentialStreamDropoutDev_BaselineLanguage_Fast_SaveLast_NoFinePOS.py	Slovak	Slovak	RANDOM_BY_TYPE	14	0.000543622121419	1.54889272227	6489778	5.51784094115
yWithMorphologySequentialStreamDropoutDev_BaselineLanguage_Fast_SaveLast_NoFinePOS.py	Slovak	Slovak	RANDOM_BY_TYPE	15	0	1.54889272227	6489778	5.51784094115
yWithMorphologySequentialStreamDropoutDev_BaselineLanguage_Fast_SaveLast_NoFinePOS.py	Slovak	Slovak	RANDOM_BY_TYPE	16	0	1.54889272227	6489778	5.51784094115
yWithMorphologySequentialStreamDropoutDev_BaselineLanguage_Fast_SaveLast_NoFinePOS.py	Slovak	Slovak	RANDOM_BY_TYPE	17	0.00027414784856	1.54889272227	6489778	5.51784094115
yWithMorphologySequentialStreamDropoutDev_BaselineLanguage_Fast_SaveLast_NoFinePOS.py	Slovak	Slovak	RANDOM_BY_TYPE	18	0.000228066803658	1.54889272227	6489778	5.51784094115
yWithMorphologySequentialStreamDropoutDev_BaselineLanguage_Fast_SaveLast_NoFinePOS.py	Slovak	Slovak	RANDOM_BY_TYPE	19	0	1.54889272227	6489778	5.51784094115
yWithMorphologySequentialStreamDropoutDev_BaselineLanguage_Fast_SaveLast_NoFinePOS.py	Slovak	Slovak	RANDOM_BY_TYPE	1	1.34134412024	1.6055617486	6433823	5.4855322472
yWithMorphologySequentialStreamDropoutDev_BaselineLanguage_Fast_SaveLast_NoFinePOS.py	Slovak	Slovak	RANDOM_BY_TYPE	2	0.143504252826	1.6055617486	6433823	5.4855322472
yWithMorphologySequentialStreamDropoutDev_BaselineLanguage_Fast_SaveLast_NoFinePOS.py	Slovak	Slovak	RANDOM_BY_TYPE	3	0.0339828466308	1.6055617486	6433823	5.4855322472
yWithMorphologySequentialStreamDropoutDev_BaselineLanguage_Fast_SaveLast_NoFinePOS.py	Slovak	Slovak	RANDOM_BY_TYPE	4	0.0180010344884	1.6055617486	6433823	5.4855322472
yWithMorphologySequentialStreamDropoutDev_BaselineLanguage_Fast_SaveLast_NoFinePOS.py	Slovak	Slovak	RANDOM_BY_TYPE	5	0.0136656378638	1.6055617486	6433823	5.4855322472
yWithMorphologySequentialStreamDropoutDev_BaselineLanguage_Fast_SaveLast_NoFinePOS.py	Slovak	Slovak	RANDOM_BY_TYPE	6	0.0109228657125	1.6055617486	6433823	5.4855322472
yWithMorphologySequentialStreamDropoutDev_BaselineLanguage_Fast_SaveLast_NoFinePOS.py	Slovak	Slovak	RANDOM_BY_TYPE	7	0.00946298515143	1.6055617486	6433823	5.4855322472
yWithMorphologySequentialStreamDropoutDev_BaselineLanguage_Fast_SaveLast_NoFinePOS.py	Slovak	Slovak	RANDOM_BY_TYPE	8	0.00665989391608	1.6055617486	6433823	5.4855322472
yWithMorphologySequentialStreamDropoutDev_BaselineLanguage_Fast_SaveLast_NoFinePOS.py	Slovak	Slovak	RANDOM_BY_TYPE	9	0.00654642030801	1.6055617486	6433823	5.4855322472
yWithMorphologySequentialStreamDropoutDev_BaselineLanguage_Fast_SaveLast_NoFinePOS.py	Slovak	Slovak	RANDOM_BY_TYPE	10	0.00482293522521	1.6055617486	6433823	5.4855322472
yWithMorphologySequentialStreamDropoutDev_BaselineLanguage_Fast_SaveLast_NoFinePOS.py	Slovak	Slovak	RANDOM_BY_TYPE	11	0.00484771026324	1.6055617486	6433823	5.4855322472
yWithMorphologySequentialStreamDropoutDev_BaselineLanguage_Fast_SaveLast_NoFinePOS.py	Slovak	Slovak	RANDOM_BY_TYPE	12	0.00314741138726	1.6055617486	6433823	5.4855322472
yWithMorphologySequentialStreamDropoutDev_BaselineLanguage_Fast_SaveLast_NoFinePOS.py	Slovak	Slovak	RANDOM_BY_TYPE	13	0.00265502929688	1.6055617486	6433823	5.4855322472
yWithMorphologySequentialStreamDropoutDev_BaselineLanguage_Fast_SaveLast_NoFinePOS.py	Slovak	Slovak	RANDOM_BY_TYPE	14	0.00196578318942	1.6055617486	6433823	5.4855322472
yWithMorphologySequentialStreamDropoutDev_BaselineLanguage_Fast_SaveLast_NoFinePOS.py	Slovak	Slovak	RANDOM_BY_TYPE	15	0.00132846938421	1.6055617486	6433823	5.4855322472
yWithMorphologySequentialStreamDropoutDev_BaselineLanguage_Fast_SaveLast_NoFinePOS.py	Slovak	Slovak	RANDOM_BY_TYPE	16	0.00151071250439	1.6055617486	6433823	5.4855322472
yWithMorphologySequentialStreamDropoutDev_BaselineLanguage_Fast_SaveLast_NoFinePOS.py	Slovak	Slovak	RANDOM_BY_TYPE	17	0.000788816523879	1.6055617486	6433823	5.4855322472
yWithMorphologySequentialStreamDropoutDev_BaselineLanguage_Fast_SaveLast_NoFinePOS.py	Slovak	Slovak	RANDOM_BY_TYPE	18	0.000218343448966	1.6055617486	6433823	5.4855322472
yWithMorphologySequentialStreamDropoutDev_BaselineLanguage_Fast_SaveLast_NoFinePOS.py	Slovak	Slovak	RANDOM_BY_TYPE	19	0.000186480234747	1.6055617486	6433823	5.4855322472
yWithMorphologySequentialStreamDropoutDev_BaselineLanguage_Fast_SaveLast_NoFinePOS.py	Slovak	Slovak	RANDOM_BY_TYPE	1	1.29595586617	1.63060863022	1842736	5.50564699361
yWithMorphologySequentialStreamDropoutDev_BaselineLanguage_Fast_SaveLast_NoFinePOS.py	Slovak	Slovak	RANDOM_BY_TYPE	2	0.237036508893	1.63060863022	1842736	5.50564699361
yWithMorphologySequentialStreamDropoutDev_BaselineLanguage_Fast_SaveLast_NoFinePOS.py	Slovak	Slovak	RANDOM_BY_TYPE	3	0.0437533231222	1.63060863022	1842736	5.50564699361
yWithMorphologySequentialStreamDropoutDev_BaselineLanguage_Fast_SaveLast_NoFinePOS.py	Slovak	Slovak	RANDOM_BY_TYPE	4	0.0207993477991	1.63060863022	1842736	5.50564699361
yWithMorphologySequentialStreamDropoutDev_BaselineLanguage_Fast_SaveLast_NoFinePOS.py	Slovak	Slovak	RANDOM_BY_TYPE	5	0.0106104086523	1.63060863022	1842736	5.50564699361
yWithMorphologySequentialStreamDropoutDev_BaselineLanguage_Fast_SaveLast_NoFinePOS.py	Slovak	Slovak	RANDOM_BY_TYPE	6	0.00965273053679	1.63060863022	1842736	5.50564699361
yWithMorphologySequentialStreamDropoutDev_BaselineLanguage_Fast_SaveLast_NoFinePOS.py	Slovak	Slovak	RANDOM_BY_TYPE	7	0.00368131574703	1.63060863022	1842736	5.50564699361
yWithMorphologySequentialStreamDropoutDev_BaselineLanguage_Fast_SaveLast_NoFinePOS.py	Slovak	Slovak	RANDOM_BY_TYPE	8	0.00131546385484	1.63060863022	1842736	5.50564699361
yWithMorphologySequentialStreamDropoutDev_BaselineLanguage_Fast_SaveLast_NoFinePOS.py	Slovak	Slovak	RANDOM_BY_TYPE	9	0.00148802526193	1.63060863022	1842736	5.50564699361
yWithMorphologySequentialStreamDropoutDev_BaselineLanguage_Fast_SaveLast_NoFinePOS.py	Slovak	Slovak	RANDOM_BY_TYPE	10	0.00193781681257	1.63060863022	1842736	5.50564699361
yWithMorphologySequentialStreamDropoutDev_BaselineLanguage_Fast_SaveLast_NoFinePOS.py	Slovak	Slovak	RANDOM_BY_TYPE	11	0.00153230624656	1.63060863022	1842736	5.50564699361
yWithMorphologySequentialStreamDropoutDev_BaselineLanguage_Fast_SaveLast_NoFinePOS.py	Slovak	Slovak	RANDOM_BY_TYPE	12	0.00127760653626	1.63060863022	1842736	5.50564699361
yWithMorphologySequentialStreamDropoutDev_BaselineLanguage_Fast_SaveLast_NoFinePOS.py	Slovak	Slovak	RANDOM_BY_TYPE	13	0.00044670717357	1.63060863022	1842736	5.50564699361
yWithMorphologySequentialStreamDropoutDev_BaselineLanguage_Fast_SaveLast_NoFinePOS.py	Slovak	Slovak	RANDOM_BY_TYPE	14	0	1.63060863022	1842736	5.50564699361
yWithMorphologySequentialStreamDropoutDev_BaselineLanguage_Fast_SaveLast_NoFinePOS.py	Slovak	Slovak	RANDOM_BY_TYPE	15	0.000701630115509	1.63060863022	1842736	5.50564699361
yWithMorphologySequentialStreamDropoutDev_BaselineLanguage_Fast_SaveLast_NoFinePOS.py	Slovak	Slovak	RANDOM_BY_TYPE	16	0	1.63060863022	1842736	5.50564699361
yWithMorphologySequentialStreamDropoutDev_BaselineLanguage_Fast_SaveLast_NoFinePOS.py	Slovak	Slovak	RANDOM_BY_TYPE	17	0.000679037423983	1.63060863022	1842736	5.50564699361
yWithMorphologySequentialStreamDropoutDev_BaselineLanguage_Fast_SaveLast_NoFinePOS.py	Slovak	Slovak	RANDOM_BY_TYPE	18	0.000659033901071	1.63060863022	1842736	5.50564699361
yWithMorphologySequentialStreamDropoutDev_BaselineLanguage_Fast_SaveLast_NoFinePOS.py	Slovak	Slovak	RANDOM_BY_TYPE	19	0	1.63060863022	1842736	5.50564699361
yWithMorphologySequentialStreamDropoutDev_BaselineLanguage_Fast_SaveLast_NoFinePOS.py	Slovak	Slovak	RANDOM_BY_TYPE	1	1.12871939981	1.50108590526	5410054	5.50436994515
yWithMorphologySequentialStreamDropoutDev_BaselineLanguage_Fast_SaveLast_NoFinePOS.py	Slovak	Slovak	RANDOM_BY_TYPE	2	0.190585296897	1.50108590526	5410054	5.50436994515
yWithMorphologySequentialStreamDropoutDev_BaselineLanguage_Fast_SaveLast_NoFinePOS.py	Slovak	Slovak	RANDOM_BY_TYPE	3	0.0610732896279	1.50108590526	5410054	5.50436994515
yWithMorphologySequentialStreamDropoutDev_BaselineLanguage_Fast_SaveLast_NoFinePOS.py	Slovak	Slovak	RANDOM_BY_TYPE	4	0.0376552091069	1.50108590526	5410054	5.50436994515
yWithMorphologySequentialStreamDropoutDev_BaselineLanguage_Fast_SaveLast_NoFinePOS.py	Slovak	Slovak	RANDOM_BY_TYPE	5	0.0229249519436	1.50108590526	5410054	5.50436994515
yWithMorphologySequentialStreamDropoutDev_BaselineLanguage_Fast_SaveLast_NoFinePOS.py	Slovak	Slovak	RANDOM_BY_TYPE	6	0.0163421724757	1.50108590526	5410054	5.50436994515
yWithMorphologySequentialStreamDropoutDev_BaselineLanguage_Fast_SaveLast_NoFinePOS.py	Slovak	Slovak	RANDOM_BY_TYPE	7	0.0111810731153	1.50108590526	5410054	5.50436994515
yWithMorphologySequentialStreamDropoutDev_BaselineLanguage_Fast_SaveLast_NoFinePOS.py	Slovak	Slovak	RANDOM_BY_TYPE	8	0.00854186403425	1.50108590526	5410054	5.50436994515
yWithMorphologySequentialStreamDropoutDev_BaselineLanguage_Fast_SaveLast_NoFinePOS.py	Slovak	Slovak	RANDOM_BY_TYPE	9	0.00716243022925	1.50108590526	5410054	5.50436994515
yWithMorphologySequentialStreamDropoutDev_BaselineLanguage_Fast_SaveLast_NoFinePOS.py	Slovak	Slovak	RANDOM_BY_TYPE	10	0.0050287822338	1.50108590526	5410054	5.50436994515
yWithMorphologySequentialStreamDropoutDev_BaselineLanguage_Fast_SaveLast_NoFinePOS.py	Slovak	Slovak	RANDOM_BY_TYPE	11	0.00434237073546	1.50108590526	5410054	5.50436994515
yWithMorphologySequentialStreamDropoutDev_BaselineLanguage_Fast_SaveLast_NoFinePOS.py	Slovak	Slovak	RANDOM_BY_TYPE	12	0.00153235090922	1.50108590526	5410054	5.50436994515
yWithMorphologySequentialStreamDropoutDev_BaselineLanguage_Fast_SaveLast_NoFinePOS.py	Slovak	Slovak	RANDOM_BY_TYPE	13	0.00106222376431	1.50108590526	5410054	5.50436994515
yWithMorphologySequentialStreamDropoutDev_BaselineLanguage_Fast_SaveLast_NoFinePOS.py	Slovak	Slovak	RANDOM_BY_TYPE	14	0.00175024605777	1.50108590526	5410054	5.50436994515
yWithMorphologySequentialStreamDropoutDev_BaselineLanguage_Fast_SaveLast_NoFinePOS.py	Slovak	Slovak	RANDOM_BY_TYPE	15	0.00133739718019	1.50108590526	5410054	5.50436994515
yWithMorphologySequentialStreamDropoutDev_BaselineLanguage_Fast_SaveLast_NoFinePOS.py	Slovak	Slovak	RANDOM_BY_TYPE	16	0.000107241860808	1.50108590526	5410054	5.50436994515
yWithMorphologySequentialStreamDropoutDev_BaselineLanguage_Fast_SaveLast_NoFinePOS.py	Slovak	Slovak	RANDOM_BY_TYPE	17	0.000884254297165	1.50108590526	5410054	5.50436994515
yWithMorphologySequentialStreamDropoutDev_BaselineLanguage_Fast_SaveLast_NoFinePOS.py	Slovak	Slovak	RANDOM_BY_TYPE	18	0.000406333232579	1.50108590526	5410054	5.50436994515
yWithMorphologySequentialStreamDropoutDev_BaselineLanguage_Fast_SaveLast_NoFinePOS.py	Slovak	Slovak	RANDOM_BY_TYPE	19	0.000449017751707	1.50108590526	5410054	5.50436994515
yWithMorphologySequentialStreamDropoutDev_BaselineLanguage_Fast_SaveLast_NoFinePOS.py	Slovak	Slovak	RANDOM_BY_TYPE	1	1.19160873857	1.51788956478	405734	5.43747849424
yWithMorphologySequentialStreamDropoutDev_BaselineLanguage_Fast_SaveLast_NoFinePOS.py	Slovak	Slovak	RANDOM_BY_TYPE	2	0.152246659708	1.51788956478	405734	5.43747849424
yWithMorphologySequentialStreamDropoutDev_BaselineLanguage_Fast_SaveLast_NoFinePOS.py	Slovak	Slovak	RANDOM_BY_TYPE	3	0.066586447007	1.51788956478	405734	5.43747849424
yWithMorphologySequentialStreamDropoutDev_BaselineLanguage_Fast_SaveLast_NoFinePOS.py	Slovak	Slovak	RANDOM_BY_TYPE	4	0.0413865330693	1.51788956478	405734	5.43747849424
yWithMorphologySequentialStreamDropoutDev_BaselineLanguage_Fast_SaveLast_NoFinePOS.py	Slovak	Slovak	RANDOM_BY_TYPE	5	0.0237319897299	1.51788956478	405734	5.43747849424
yWithMorphologySequentialStreamDropoutDev_BaselineLanguage_Fast_SaveLast_NoFinePOS.py	Slovak	Slovak	RANDOM_BY_TYPE	6	0.0126125349982	1.51788956478	405734	5.43747849424
yWithMorphologySequentialStreamDropoutDev_BaselineLanguage_Fast_SaveLast_NoFinePOS.py	Slovak	Slovak	RANDOM_BY_TYPE	7	0.00980307692534	1.51788956478	405734	5.43747849424
yWithMorphologySequentialStreamDropoutDev_BaselineLanguage_Fast_SaveLast_NoFinePOS.py	Slovak	Slovak	RANDOM_BY_TYPE	8	0.00678389460257	1.51788956478	405734	5.43747849424
yWithMorphologySequentialStreamDropoutDev_BaselineLanguage_Fast_SaveLast_NoFinePOS.py	Slovak	Slovak	RANDOM_BY_TYPE	9	0.00523648315097	1.51788956478	405734	5.43747849424
yWithMorphologySequentialStreamDropoutDev_BaselineLanguage_Fast_SaveLast_NoFinePOS.py	Slovak	Slovak	RANDOM_BY_TYPE	10	0.00188873740908	1.51788956478	405734	5.43747849424
yWithMorphologySequentialStreamDropoutDev_BaselineLanguage_Fast_SaveLast_NoFinePOS.py	Slovak	Slovak	RANDOM_BY_TYPE	11	0.00188363370014	1.51788956478	405734	5.43747849424
yWithMorphologySequentialStreamDropoutDev_BaselineLanguage_Fast_SaveLast_NoFinePOS.py	Slovak	Slovak	RANDOM_BY_TYPE	12	0.00175528526306	1.51788956478	405734	5.43747849424
yWithMorphologySequentialStreamDropoutDev_BaselineLanguage_Fast_SaveLast_NoFinePOS.py	Slovak	Slovak	RANDOM_BY_TYPE	13	0.000435028541578	1.51788956478	405734	5.43747849424
yWithMorphologySequentialStreamDropoutDev_BaselineLanguage_Fast_SaveLast_NoFinePOS.py	Slovak	Slovak	RANDOM_BY_TYPE	14	7.63618782775e-05	1.51788956478	405734	5.43747849424
yWithMorphologySequentialStreamDropoutDev_BaselineLanguage_Fast_SaveLast_NoFinePOS.py	Slovak	Slovak	RANDOM_BY_TYPE	15	0.000422918551588	1.51788956478	405734	5.43747849424
yWithMorphologySequentialStreamDropoutDev_BaselineLanguage_Fast_SaveLast_NoFinePOS.py	Slovak	Slovak	RANDOM_BY_TYPE	16	0.000431333176077	1.51788956478	405734	5.43747849424
yWithMorphologySequentialStreamDropoutDev_BaselineLanguage_Fast_SaveLast_NoFinePOS.py	Slovak	Slovak	RANDOM_BY_TYPE	17	0.00074093594943	1.51788956478	405734	5.43747849424
yWithMorphologySequentialStreamDropoutDev_BaselineLanguage_Fast_SaveLast_NoFinePOS.py	Slovak	Slovak	RANDOM_BY_TYPE	18	0.000357351564381	1.51788956478	405734	5.43747849424
yWithMorphologySequentialStreamDropoutDev_BaselineLanguage_Fast_SaveLast_NoFinePOS.py	Slovak	Slovak	RANDOM_BY_TYPE	19	0	1.51788956478	405734	5.43747849424
yWithMorphologySequentialStreamDropoutDev_BaselineLanguage_Fast_SaveLast_NoFinePOS.py	Slovak	Slovak	RANDOM_BY_TYPE	1	1.2323175961	1.58054586608	2493717	5.46595964032
yWithMorphologySequentialStreamDropoutDev_BaselineLanguage_Fast_SaveLast_NoFinePOS.py	Slovak	Slovak	RANDOM_BY_TYPE	2	0.238583598684	1.58054586608	2493717	5.46595964032
yWithMorphologySequentialStreamDropoutDev_BaselineLanguage_Fast_SaveLast_NoFinePOS.py	Slovak	Slovak	RANDOM_BY_TYPE	3	0.0536146957172	1.58054586608	2493717	5.46595964032
yWithMorphologySequentialStreamDropoutDev_BaselineLanguage_Fast_SaveLast_NoFinePOS.py	Slovak	Slovak	RANDOM_BY_TYPE	4	0.0169153063265	1.58054586608	2493717	5.46595964032
yWithMorphologySequentialStreamDropoutDev_BaselineLanguage_Fast_SaveLast_NoFinePOS.py	Slovak	Slovak	RANDOM_BY_TYPE	5	0.0126910944508	1.58054586608	2493717	5.46595964032
yWithMorphologySequentialStreamDropoutDev_BaselineLanguage_Fast_SaveLast_NoFinePOS.py	Slovak	Slovak	RANDOM_BY_TYPE	6	0.00390529975499	1.58054586608	2493717	5.46595964032
yWithMorphologySequentialStreamDropoutDev_BaselineLanguage_Fast_SaveLast_NoFinePOS.py	Slovak	Slovak	RANDOM_BY_TYPE	7	0.00200028186792	1.58054586608	2493717	5.46595964032
yWithMorphologySequentialStreamDropoutDev_BaselineLanguage_Fast_SaveLast_NoFinePOS.py	Slovak	Slovak	RANDOM_BY_TYPE	8	0.00529532718332	1.58054586608	2493717	5.46595964032
yWithMorphologySequentialStreamDropoutDev_BaselineLanguage_Fast_SaveLast_NoFinePOS.py	Slovak	Slovak	RANDOM_BY_TYPE	9	0.0032772074007	1.58054586608	2493717	5.46595964032
yWithMorphologySequentialStreamDropoutDev_BaselineLanguage_Fast_SaveLast_NoFinePOS.py	Slovak	Slovak	RANDOM_BY_TYPE	10	0.00418679963236	1.58054586608	2493717	5.46595964032
yWithMorphologySequentialStreamDropoutDev_BaselineLanguage_Fast_SaveLast_NoFinePOS.py	Slovak	Slovak	RANDOM_BY_TYPE	11	0.00320010969084	1.58054586608	2493717	5.46595964032
yWithMorphologySequentialStreamDropoutDev_BaselineLanguage_Fast_SaveLast_NoFinePOS.py	Slovak	Slovak	RANDOM_BY_TYPE	12	0.00226949988163	1.58054586608	2493717	5.46595964032
yWithMorphologySequentialStreamDropoutDev_BaselineLanguage_Fast_SaveLast_NoFinePOS.py	Slovak	Slovak	RANDOM_BY_TYPE	13	0.000748371220615	1.58054586608	2493717	5.46595964032
yWithMorphologySequentialStreamDropoutDev_BaselineLanguage_Fast_SaveLast_NoFinePOS.py	Slovak	Slovak	RANDOM_BY_TYPE	14	0.000811935491758	1.58054586608	2493717	5.46595964032
yWithMorphologySequentialStreamDropoutDev_BaselineLanguage_Fast_SaveLast_NoFinePOS.py	Slovak	Slovak	RANDOM_BY_TYPE	15	0.000305852498093	1.58054586608	2493717	5.46595964032
yWithMorphologySequentialStreamDropoutDev_BaselineLanguage_Fast_SaveLast_NoFinePOS.py	Slovak	Slovak	RANDOM_BY_TYPE	16	0.000303917143443	1.58054586608	2493717	5.46595964032
yWithMorphologySequentialStreamDropoutDev_BaselineLanguage_Fast_SaveLast_NoFinePOS.py	Slovak	Slovak	RANDOM_BY_TYPE	17	0.000356905999249	1.58054586608	2493717	5.46595964032
yWithMorphologySequentialStreamDropoutDev_BaselineLanguage_Fast_SaveLast_NoFinePOS.py	Slovak	Slovak	RANDOM_BY_TYPE	18	0.000114064061478	1.58054586608	2493717	5.46595964032
yWithMorphologySequentialStreamDropoutDev_BaselineLanguage_Fast_SaveLast_NoFinePOS.py	Slovak	Slovak	RANDOM_BY_TYPE	19	0	1.58054586608	2493717	5.46595964032
yWithMorphologySequentialStreamDropoutDev_BaselineLanguage_Fast_SaveLast_NoFinePOS.py	Slovak	Slovak	GROUND	1	1.56256874857	1.75035346561	9549877	5.4764328087
yWithMorphologySequentialStreamDropoutDev_BaselineLanguage_Fast_SaveLast_NoFinePOS.py	Slovak	Slovak	GROUND	2	0.138508744517	1.75035346561	9549877	5.4764328087
yWithMorphologySequentialStreamDropoutDev_BaselineLanguage_Fast_SaveLast_NoFinePOS.py	Slovak	Slovak	GROUND	3	0.0274077863522	1.75035346561	9549877	5.4764328087
yWithMorphologySequentialStreamDropoutDev_BaselineLanguage_Fast_SaveLast_NoFinePOS.py	Slovak	Slovak	GROUND	4	0.00904909994913	1.75035346561	9549877	5.4764328087
yWithMorphologySequentialStreamDropoutDev_BaselineLanguage_Fast_SaveLast_NoFinePOS.py	Slovak	Slovak	GROUND	5	0.00593564353169	1.75035346561	9549877	5.4764328087
yWithMorphologySequentialStreamDropoutDev_BaselineLanguage_Fast_SaveLast_NoFinePOS.py	Slovak	Slovak	GROUND	6	0.00235412651545	1.75035346561	9549877	5.4764328087
yWithMorphologySequentialStreamDropoutDev_BaselineLanguage_Fast_SaveLast_NoFinePOS.py	Slovak	Slovak	GROUND	7	0.00311664542923	1.75035346561	9549877	5.4764328087
yWithMorphologySequentialStreamDropoutDev_BaselineLanguage_Fast_SaveLast_NoFinePOS.py	Slovak	Slovak	GROUND	8	0.000838990754461	1.75035346561	9549877	5.4764328087
yWithMorphologySequentialStreamDropoutDev_BaselineLanguage_Fast_SaveLast_NoFinePOS.py	Slovak	Slovak	GROUND	9	0.000321669529562	1.75035346561	9549877	5.4764328087
yWithMorphologySequentialStreamDropoutDev_BaselineLanguage_Fast_SaveLast_NoFinePOS.py	Slovak	Slovak	GROUND	10	0.000706339964311	1.75035346561	9549877	5.4764328087
yWithMorphologySequentialStreamDropoutDev_BaselineLanguage_Fast_SaveLast_NoFinePOS.py	Slovak	Slovak	GROUND	11	0.000173418713759	1.75035346561	9549877	5.4764328087
yWithMorphologySequentialStreamDropoutDev_BaselineLanguage_Fast_SaveLast_NoFinePOS.py	Slovak	Slovak	GROUND	12	0	1.75035346561	9549877	5.4764328087
yWithMorphologySequentialStreamDropoutDev_BaselineLanguage_Fast_SaveLast_NoFinePOS.py	Slovak	Slovak	GROUND	13	0	1.75035346561	9549877	5.4764328087
yWithMorphologySequentialStreamDropoutDev_BaselineLanguage_Fast_SaveLast_NoFinePOS.py	Slovak	Slovak	GROUND	14	0	1.75035346561	9549877	5.4764328087
yWithMorphologySequentialStreamDropoutDev_BaselineLanguage_Fast_SaveLast_NoFinePOS.py	Slovak	Slovak	GROUND	15	0	1.75035346561	9549877	5.4764328087
yWithMorphologySequentialStreamDropoutDev_BaselineLanguage_Fast_SaveLast_NoFinePOS.py	Slovak	Slovak	GROUND	16	0.00018361106719	1.75035346561	9549877	5.4764328087
yWithMorphologySequentialStreamDropoutDev_BaselineLanguage_Fast_SaveLast_NoFinePOS.py	Slovak	Slovak	GROUND	17	0	1.75035346561	9549877	5.4764328087
yWithMorphologySequentialStreamDropoutDev_BaselineLanguage_Fast_SaveLast_NoFinePOS.py	Slovak	Slovak	GROUND	18	0	1.75035346561	9549877	5.4764328087
yWithMorphologySequentialStreamDropoutDev_BaselineLanguage_Fast_SaveLast_NoFinePOS.py	Slovak	Slovak	GROUND	19	0.000511595647629	1.75035346561	9549877	5.4764328087
yWithMorphologySequentialStreamDropoutDev_BaselineLanguage_Fast_SaveLast_NoFinePOS.py	Slovak	Slovak	GROUND	1	1.5555066052	1.75861241858	4688707	5.47961708348
yWithMorphologySequentialStreamDropoutDev_BaselineLanguage_Fast_SaveLast_NoFinePOS.py	Slovak	Slovak	GROUND	2	0.151352937091	1.75861241858	4688707	5.47961708348
yWithMorphologySequentialStreamDropoutDev_BaselineLanguage_Fast_SaveLast_NoFinePOS.py	Slovak	Slovak	GROUND	3	0.0311461729138	1.75861241858	4688707	5.47961708348
yWithMorphologySequentialStreamDropoutDev_BaselineLanguage_Fast_SaveLast_NoFinePOS.py	Slovak	Slovak	GROUND	4	0.0116820281907	1.75861241858	4688707	5.47961708348
yWithMorphologySequentialStreamDropoutDev_BaselineLanguage_Fast_SaveLast_NoFinePOS.py	Slovak	Slovak	GROUND	5	0.00319354599469	1.75861241858	4688707	5.47961708348
yWithMorphologySequentialStreamDropoutDev_BaselineLanguage_Fast_SaveLast_NoFinePOS.py	Slovak	Slovak	GROUND	6	0.00328870619813	1.75861241858	4688707	5.47961708348
yWithMorphologySequentialStreamDropoutDev_BaselineLanguage_Fast_SaveLast_NoFinePOS.py	Slovak	Slovak	GROUND	7	0.000714070421376	1.75861241858	4688707	5.47961708348
yWithMorphologySequentialStreamDropoutDev_BaselineLanguage_Fast_SaveLast_NoFinePOS.py	Slovak	Slovak	GROUND	8	0.00030565351656	1.75861241858	4688707	5.47961708348
yWithMorphologySequentialStreamDropoutDev_BaselineLanguage_Fast_SaveLast_NoFinePOS.py	Slovak	Slovak	GROUND	9	0.000748349746613	1.75861241858	4688707	5.47961708348
yWithMorphologySequentialStreamDropoutDev_BaselineLanguage_Fast_SaveLast_NoFinePOS.py	Slovak	Slovak	GROUND	10	0.000919268719137	1.75861241858	4688707	5.47961708348
yWithMorphologySequentialStreamDropoutDev_BaselineLanguage_Fast_SaveLast_NoFinePOS.py	Slovak	Slovak	GROUND	11	0.000557246640937	1.75861241858	4688707	5.47961708348
yWithMorphologySequentialStreamDropoutDev_BaselineLanguage_Fast_SaveLast_NoFinePOS.py	Slovak	Slovak	GROUND	12	0.000180146628863	1.75861241858	4688707	5.47961708348
yWithMorphologySequentialStreamDropoutDev_BaselineLanguage_Fast_SaveLast_NoFinePOS.py	Slovak	Slovak	GROUND	13	0.000141788182193	1.75861241858	4688707	5.47961708348
yWithMorphologySequentialStreamDropoutDev_BaselineLanguage_Fast_SaveLast_NoFinePOS.py	Slovak	Slovak	GROUND	14	0	1.75861241858	4688707	5.47961708348
yWithMorphologySequentialStreamDropoutDev_BaselineLanguage_Fast_SaveLast_NoFinePOS.py	Slovak	Slovak	GROUND	15	0	1.75861241858	4688707	5.47961708348
yWithMorphologySequentialStreamDropoutDev_BaselineLanguage_Fast_SaveLast_NoFinePOS.py	Slovak	Slovak	GROUND	16	0	1.75861241858	4688707	5.47961708348
yWithMorphologySequentialStreamDropoutDev_BaselineLanguage_Fast_SaveLast_NoFinePOS.py	Slovak	Slovak	GROUND	17	0	1.75861241858	4688707	5.47961708348
yWithMorphologySequentialStreamDropoutDev_BaselineLanguage_Fast_SaveLast_NoFinePOS.py	Slovak	Slovak	GROUND	18	0.000282256121505	1.75861241858	4688707	5.47961708348
yWithMorphologySequentialStreamDropoutDev_BaselineLanguage_Fast_SaveLast_NoFinePOS.py	Slovak	Slovak	GROUND	19	0	1.75861241858	4688707	5.47961708348
yWithMorphologySequentialStreamDropoutDev_BaselineLanguage_Fast_SaveLast_NoFinePOS.py	Slovak	Slovak	GROUND	1	1.54308549398	1.74181070034	3478979	5.50558572783
yWithMorphologySequentialStreamDropoutDev_BaselineLanguage_Fast_SaveLast_NoFinePOS.py	Slovak	Slovak	GROUND	2	0.140881861767	1.74181070034	3478979	5.50558572783
yWithMorphologySequentialStreamDropoutDev_BaselineLanguage_Fast_SaveLast_NoFinePOS.py	Slovak	Slovak	GROUND	3	0.0374991266695	1.74181070034	3478979	5.50558572783
yWithMorphologySequentialStreamDropoutDev_BaselineLanguage_Fast_SaveLast_NoFinePOS.py	Slovak	Slovak	GROUND	4	0.0128384031253	1.74181070034	3478979	5.50558572783
yWithMorphologySequentialStreamDropoutDev_BaselineLanguage_Fast_SaveLast_NoFinePOS.py	Slovak	Slovak	GROUND	5	0.00488767191155	1.74181070034	3478979	5.50558572783
yWithMorphologySequentialStreamDropoutDev_BaselineLanguage_Fast_SaveLast_NoFinePOS.py	Slovak	Slovak	GROUND	6	0.00333187563779	1.74181070034	3478979	5.50558572783
yWithMorphologySequentialStreamDropoutDev_BaselineLanguage_Fast_SaveLast_NoFinePOS.py	Slovak	Slovak	GROUND	7	0.000456953987683	1.74181070034	3478979	5.50558572783
yWithMorphologySequentialStreamDropoutDev_BaselineLanguage_Fast_SaveLast_NoFinePOS.py	Slovak	Slovak	GROUND	8	0.000608398612231	1.74181070034	3478979	5.50558572783
yWithMorphologySequentialStreamDropoutDev_BaselineLanguage_Fast_SaveLast_NoFinePOS.py	Slovak	Slovak	GROUND	9	0	1.74181070034	3478979	5.50558572783
yWithMorphologySequentialStreamDropoutDev_BaselineLanguage_Fast_SaveLast_NoFinePOS.py	Slovak	Slovak	GROUND	10	8.97637377046e-05	1.74181070034	3478979	5.50558572783
yWithMorphologySequentialStreamDropoutDev_BaselineLanguage_Fast_SaveLast_NoFinePOS.py	Slovak	Slovak	GROUND	11	0.000361886620521	1.74181070034	3478979	5.50558572783
yWithMorphologySequentialStreamDropoutDev_BaselineLanguage_Fast_SaveLast_NoFinePOS.py	Slovak	Slovak	GROUND	12	4.62677789064e-05	1.74181070034	3478979	5.50558572783
yWithMorphologySequentialStreamDropoutDev_BaselineLanguage_Fast_SaveLast_NoFinePOS.py	Slovak	Slovak	GROUND	13	0.00036591438398	1.74181070034	3478979	5.50558572783
yWithMorphologySequentialStreamDropoutDev_BaselineLanguage_Fast_SaveLast_NoFinePOS.py	Slovak	Slovak	GROUND	14	0	1.74181070034	3478979	5.50558572783
yWithMorphologySequentialStreamDropoutDev_BaselineLanguage_Fast_SaveLast_NoFinePOS.py	Slovak	Slovak	GROUND	15	0	1.74181070034	3478979	5.50558572783
yWithMorphologySequentialStreamDropoutDev_BaselineLanguage_Fast_SaveLast_NoFinePOS.py	Slovak	Slovak	GROUND	16	0	1.74181070034	3478979	5.50558572783
yWithMorphologySequentialStreamDropoutDev_BaselineLanguage_Fast_SaveLast_NoFinePOS.py	Slovak	Slovak	GROUND	17	0	1.74181070034	3478979	5.50558572783
yWithMorphologySequentialStreamDropoutDev_BaselineLanguage_Fast_SaveLast_NoFinePOS.py	Slovak	Slovak	GROUND	18	3.02945097834e-05	1.74181070034	3478979	5.50558572783
yWithMorphologySequentialStreamDropoutDev_BaselineLanguage_Fast_SaveLast_NoFinePOS.py	Slovak	Slovak	GROUND	19	0	1.74181070034	3478979	5.50558572783
yWithMorphologySequentialStreamDropoutDev_BaselineLanguage_Fast_SaveLast_NoFinePOS.py	Slovak	Slovak	GROUND	1	1.54828443352	1.74540817517	2809455	5.47892870258
yWithMorphologySequentialStreamDropoutDev_BaselineLanguage_Fast_SaveLast_NoFinePOS.py	Slovak	Slovak	GROUND	2	0.144889311064	1.74540817517	2809455	5.47892870258
yWithMorphologySequentialStreamDropoutDev_BaselineLanguage_Fast_SaveLast_NoFinePOS.py	Slovak	Slovak	GROUND	3	0.0305408682317	1.74540817517	2809455	5.47892870258
yWithMorphologySequentialStreamDropoutDev_BaselineLanguage_Fast_SaveLast_NoFinePOS.py	Slovak	Slovak	GROUND	4	0.0123428290837	1.74540817517	2809455	5.47892870258
yWithMorphologySequentialStreamDropoutDev_BaselineLanguage_Fast_SaveLast_NoFinePOS.py	Slovak	Slovak	GROUND	5	0.00319227172087	1.74540817517	2809455	5.47892870258
yWithMorphologySequentialStreamDropoutDev_BaselineLanguage_Fast_SaveLast_NoFinePOS.py	Slovak	Slovak	GROUND	6	0.00316135879249	1.74540817517	2809455	5.47892870258
yWithMorphologySequentialStreamDropoutDev_BaselineLanguage_Fast_SaveLast_NoFinePOS.py	Slovak	Slovak	GROUND	7	0.000804071393731	1.74540817517	2809455	5.47892870258
yWithMorphologySequentialStreamDropoutDev_BaselineLanguage_Fast_SaveLast_NoFinePOS.py	Slovak	Slovak	GROUND	8	0.000647416506728	1.74540817517	2809455	5.47892870258
yWithMorphologySequentialStreamDropoutDev_BaselineLanguage_Fast_SaveLast_NoFinePOS.py	Slovak	Slovak	GROUND	9	0	1.74540817517	2809455	5.47892870258
yWithMorphologySequentialStreamDropoutDev_BaselineLanguage_Fast_SaveLast_NoFinePOS.py	Slovak	Slovak	GROUND	10	0.000795922295688	1.74540817517	2809455	5.47892870258
yWithMorphologySequentialStreamDropoutDev_BaselineLanguage_Fast_SaveLast_NoFinePOS.py	Slovak	Slovak	GROUND	11	0.000375184825022	1.74540817517	2809455	5.47892870258
yWithMorphologySequentialStreamDropoutDev_BaselineLanguage_Fast_SaveLast_NoFinePOS.py	Slovak	Slovak	GROUND	12	0	1.74540817517	2809455	5.47892870258
yWithMorphologySequentialStreamDropoutDev_BaselineLanguage_Fast_SaveLast_NoFinePOS.py	Slovak	Slovak	GROUND	13	0.000800345246106	1.74540817517	2809455	5.47892870258
yWithMorphologySequentialStreamDropoutDev_BaselineLanguage_Fast_SaveLast_NoFinePOS.py	Slovak	Slovak	GROUND	14	0	1.74540817517	2809455	5.47892870258
yWithMorphologySequentialStreamDropoutDev_BaselineLanguage_Fast_SaveLast_NoFinePOS.py	Slovak	Slovak	GROUND	15	0	1.74540817517	2809455	5.47892870258
yWithMorphologySequentialStreamDropoutDev_BaselineLanguage_Fast_SaveLast_NoFinePOS.py	Slovak	Slovak	GROUND	16	0	1.74540817517	2809455	5.47892870258
yWithMorphologySequentialStreamDropoutDev_BaselineLanguage_Fast_SaveLast_NoFinePOS.py	Slovak	Slovak	GROUND	17	5.05147731467e-05	1.74540817517	2809455	5.47892870258
yWithMorphologySequentialStreamDropoutDev_BaselineLanguage_Fast_SaveLast_NoFinePOS.py	Slovak	Slovak	GROUND	18	0.000809443527705	1.74540817517	2809455	5.47892870258
yWithMorphologySequentialStreamDropoutDev_BaselineLanguage_Fast_SaveLast_NoFinePOS.py	Slovak	Slovak	GROUND	19	0.000236659466404	1.74540817517	2809455	5.47892870258
